1719508587876 0.8109833971902938 0
1719508589915 0.8339719029374202 1
1719508590908 0.6551724137931034 2
1719508593034 0.8633461047254151 3
1719508595093 0.8659003831417624 4
1719508597234 0.8646232439335888 5
1719508599290 0.8646232439335888 6
1719508601338 0.8633461047254151 7
1719508603632 0.8633461047254151 8
1719508605693 0.8633461047254151 9
1719508607851 0.8646232439335888 10
1719508608863 0.8888888888888888 11
1719508609904 0.8914431673052363 12
1719508610916 0.8863346104725415 13
1719508611924 0.8863346104725415 14
1719508613013 0.8786717752234994 15
1719508615110 0.9565772669220945 16
1719508616195 0.9386973180076629 17
1719508618345 0.9616858237547893 18
1719508620465 0.9578544061302682 19
1719508622599 0.9489144316730523 20
1719508624728 0.9399744572158365 21
1719508626815 0.9374201787994891 22
1719508628965 0.9374201787994891 23
1719508629965 0.9489144316730523 24
1719508630958 0.9348659003831418 25
1719508633049 0.966794380587484 26
1719508634089 0.9629629629629629 27
1719508636200 0.9719029374201787 28
1719508638284 0.9655172413793104 29
1719508640437 0.9629629629629629 30
1719508641468 0.966794380587484 31
1719508643574 0.9731800766283525 32
1719508644644 0.9731800766283525 33
1719508645690 0.966794380587484 34
1719508646701 0.9591315453384419 35
1719508648773 0.9757343550446999 36
1719508649786 0.9770114942528736 37
1719508651939 0.9757343550446999 38
1719508654018 0.9731800766283525 39
1719508655012 0.979565772669221 40
1719508657152 0.9757343550446999 41
1719508658168 0.9821200510855683 42
1719508659170 0.9757343550446999 43
1719508660236 0.9719029374201787 44
1719508662370 0.9782886334610472 45
1719508664405 0.9744572158365262 46
1719508665417 0.9833971902937421 47
1719508666537 0.9770114942528736 48
1719508667555 0.9731800766283525 49
1719508668560 0.9719029374201787 50
1719508669562 0.9706257982120051 51
1719508670715 0.9655172413793104 52
1719508671801 0.9642401021711366 53
1719508674077 0.979565772669221 54
1719508676127 0.9757343550446999 55
1719508678296 0.9744572158365262 56
1719508680471 0.9744572158365262 57
1719508681489 0.9833971902937421 58
1719508682622 0.9808429118773946 59
1719508684734 0.9821200510855683 60
1719508685783 0.9846743295019157 61
1719508686840 0.9833971902937421 62
1719508687946 0.979565772669221 63
1719508690089 0.9833971902937421 64
1719508692271 0.9782886334610472 65
1719508694513 0.9757343550446999 66
1719508695632 0.9846743295019157 67
1719508696789 0.9833971902937421 68
1719508698974 0.9821200510855683 69
1719508700007 0.9846743295019157 70
1719508701005 0.9846743295019157 71
1719508702013 0.9833971902937421 72
1719508704254 0.9833971902937421 73
1719508705277 0.9846743295019157 74
1719508707600 0.9821200510855683 75
1719508709946 0.979565772669221 76
1719508711100 0.9821200510855683 77
1719508713288 0.9821200510855683 78
1719508715967 0.979565772669221 79
1719508717074 0.9808429118773946 80
1719508718179 0.9859514687100894 81
1719508720812 0.9821200510855683 82
1719508723561 0.9821200510855683 83
1719508725092 0.979565772669221 84
1719508728309 0.9833971902937421 85
1719508729812 0.9808429118773946 86
1719508731059 0.9846743295019157 87
1719508732247 0.9859514687100894 88
1719508733433 0.9846743295019157 89
1719508734748 0.9833971902937421 90
1719508737092 0.9833971902937421 91
1719508739909 0.9821200510855683 92
1719508742721 0.9821200510855683 93
1719508743933 0.979565772669221 94
1719508746108 0.9833971902937421 95
1719508748237 0.9821200510855683 96
1719508749297 0.979565772669221 97
1719508751482 0.9833971902937421 98
1719508753628 0.9821200510855683 99
1719508754668 0.979565772669221 100
1719508755770 0.9833971902937421 101
1719508756898 0.9859514687100894 102
1719508758003 0.9859514687100894 103
1719508760163 0.9846743295019157 104
1719508762353 0.9821200510855683 105
1719508764547 0.9821200510855683 106
1719508766676 0.9821200510855683 107
1719508767840 0.9808429118773946 108
1719508769913 0.9833971902937421 109
1719508770945 0.9808429118773946 110
1719508771979 0.9833971902937421 111
1719508774185 0.9833971902937421 112
1719508776301 0.9821200510855683 113
1719508778457 0.9821200510855683 114
1719508779484 0.9808429118773946 115
1719508780507 0.9821200510855683 116
1719508782598 0.9833971902937421 117
1719508784775 0.9821200510855683 118
1719508786864 0.9821200510855683 119
1719508787916 0.9808429118773946 120
1719508789127 0.9821200510855683 121
1719508791211 0.9833971902937421 122
1719508793319 0.9821200510855683 123
1719508794441 0.9808429118773946 124
1719508795485 0.9821200510855683 125
1719508797572 0.9833971902937421 126
1719508799712 0.9833971902937421 127
1719508800758 0.9808429118773946 128
1719508802926 0.9833971902937421 129
1719508803967 0.9808429118773946 130
1719508805061 0.9821200510855683 131
1719508806117 0.9833971902937421 132
1719508808282 0.9833971902937421 133
1719508809361 0.9808429118773946 134
1719508810467 0.9833971902937421 135
1719508812609 0.9833971902937421 136
1719508814876 0.9833971902937421 137
1719508815965 0.9808429118773946 138
1719508818146 0.9833971902937421 139
1719508820349 0.9833971902937421 140
1719508822489 0.9821200510855683 141
1719508824647 0.9821200510855683 142
1719508825752 0.9808429118773946 143
1719508826783 0.9808429118773946 144
1719508828870 0.9833971902937421 145
1719508829880 0.9808429118773946 146
1719508830987 0.9821200510855683 147
1719508833089 0.9833971902937421 148
1719508834118 0.9808429118773946 149
1719508835141 0.9821200510855683 150
1719508837280 0.9833971902937421 151
1719508838291 0.9808429118773946 152
1719508839338 0.9821200510855683 153
1719508840435 0.9833971902937421 154
1719508841553 0.9833971902937421 155
1719508842582 0.9846743295019157 156
1719508844682 0.9821200510855683 157
1719508846834 0.9833971902937421 158
1719508848894 0.9821200510855683 159
1719508850952 0.9821200510855683 160
1719508853097 0.9821200510855683 161
1719508854107 0.9808429118773946 162
1719508855148 0.9821200510855683 163
1719508856163 0.9821200510855683 164
1719508858292 0.9833971902937421 165
1719508860425 0.9833971902937421 166
1719508862573 0.9833971902937421 167
1719508864647 0.9821200510855683 168
1719508866720 0.9821200510855683 169
1719508867740 0.9808429118773946 170
1719508869854 0.9833971902937421 171
1719508871947 0.9833971902937421 172
1719508872968 0.9808429118773946 173
1719508875096 0.9833971902937421 174
1719508877207 0.9833971902937421 175
1719508879466 0.9833971902937421 176
1719508881562 0.9833971902937421 177
1719508883664 0.9821200510855683 178
1719508885783 0.9808429118773946 179
1719508887869 0.9808429118773946 180
1719508888894 0.9821200510855683 181
1719508891014 0.9833971902937421 182
1719508893097 0.9833971902937421 183
1719508895235 0.9833971902937421 184
1719508896232 0.9821200510855683 185
1719508897242 0.9821200510855683 186
1719508899298 0.9833971902937421 187
1719508901447 0.9833971902937421 188
1719508903542 0.9833971902937421 189
1719508904561 0.9808429118773946 190
1719508905644 0.9821200510855683 191
1719508907752 0.9833971902937421 192
1719508908776 0.9808429118773946 193
1719508911097 0.9833971902937421 194
1719508912340 0.9808429118773946 195
1719508914739 0.9833971902937421 196
1719508917056 0.9833971902937421 197
1719508918128 0.9808429118773946 198
1719508919217 0.9821200510855683 199
1719508921620 0.9833971902937421 200
1719508922749 0.9808429118773946 201
1719508923886 0.9821200510855683 202
1719508925052 0.9821200510855683 203
1719508926163 0.9833971902937421 204
1719508928452 0.9808429118773946 205
1719508930703 0.9833971902937421 206
1719508931946 0.9808429118773946 207
1719508934300 0.9833971902937421 208
1719508936544 0.9833971902937421 209
1719508938985 0.9833971902937421 210
1719508940151 0.9821200510855683 211
1719508941270 0.9808429118773946 212
1719508943682 0.9833971902937421 213
1719508945988 0.9833971902937421 214
1719508948167 0.9833971902937421 215
1719508949259 0.9821200510855683 216
1719508950289 0.9808429118773946 217
1719508951327 0.9833971902937421 218
1719508952445 0.9821200510855683 219
1719508953575 0.9833971902937421 220
1719508955701 0.9808429118773946 221
1719508956734 0.9808429118773946 222
1719508957854 0.9833971902937421 223
1719508960162 0.9808429118773946 224
1719508962462 0.9833971902937421 225
1719508964819 0.9833971902937421 226
1719508966988 0.9833971902937421 227
1719508968017 0.9833971902937421 228
1719508969107 0.9808429118773946 229
1719508971198 0.9833971902937421 230
1719508973258 0.9833971902937421 231
1719508975503 0.9833971902937421 232
1719508976527 0.9833971902937421 233
1719508978606 0.9833971902937421 234
1719508979708 0.9808429118773946 235
1719508981797 0.9833971902937421 236
1719508982857 0.9808429118773946 237
1719508985024 0.9833971902937421 238
1719508987215 0.9833971902937421 239
1719508990055 0.9833971902937421 240
1719508991329 0.9833971902937421 241
1719508993756 0.9833971902937421 242
1719508995880 0.9808429118773946 243
1719508998147 0.9833971902937421 244
1719509000547 0.9833971902937421 245
1719509002765 0.9833971902937421 246
1719509003813 0.9833971902937421 247
1719509006412 0.9833971902937421 248
1719509008743 0.9833971902937421 249
1719509009776 0.9833971902937421 250
1719509012129 0.9833971902937421 251
1719509013209 0.9808429118773946 252
1719509015356 0.9833971902937421 253
1719509016714 0.9808429118773946 254
1719509017760 0.9821200510855683 255
1719509018793 0.9833971902937421 256
1719509019808 0.9833971902937421 257
1719509020878 0.9833971902937421 258
1719509022139 0.9833971902937421 259
1719509025718 0.9808429118773946 260
1719509026906 0.9821200510855683 261
1719509028285 0.9833971902937421 262
1719509029417 0.9846743295019157 263
1719509030527 0.9833971902937421 264
1719509031624 0.9833971902937421 265
1719509033170 0.9833971902937421 266
1719509034265 0.9833971902937421 267
1719509035482 0.9846743295019157 268
1719509038178 0.9821200510855683 269
1719509040433 0.9821200510855683 270
1719509041646 0.9808429118773946 271
1719509044862 0.9833971902937421 272
1719509047654 0.9833971902937421 273
1719509050207 0.9833971902937421 274
1719509051224 0.9833971902937421 275
1719509052514 0.9808429118773946 276
1719509053690 0.9833971902937421 277
1719509055021 0.9846743295019157 278
1719509056114 0.9846743295019157 279
1719509057195 0.9833971902937421 280
1719509059569 0.9808429118773946 281
1719509061952 0.9833971902937421 282
1719509064210 0.9833971902937421 283
1719509065527 0.9808429118773946 284
1719509067750 0.9833971902937421 285
1719509070374 0.9833971902937421 286
1719509071692 0.9821200510855683 287
1719509073899 0.9833971902937421 288
1719509076465 0.9833971902937421 289
1719509078782 0.9833971902937421 290
1719509081133 0.9833971902937421 291
1719509082414 0.9833971902937421 292
1719509084592 0.9833971902937421 293
1719509085671 0.9821200510855683 294
1719509088199 0.9833971902937421 295
1719509089294 0.9808429118773946 296
1719509090352 0.9821200510855683 297
1719509091576 0.9833971902937421 298
1719509092796 0.9833971902937421 299
1719509095007 0.9808429118773946 300
1719509097535 0.9833971902937421 301
1719509099802 0.9833971902937421 302
1719509102194 0.9833971902937421 303
1719509104651 0.9833971902937421 304
1719509105756 0.9833971902937421 305
1719509108119 0.9833971902937421 306
1719509109362 0.9821200510855683 307
1719509111899 0.9833971902937421 308
1719509114304 0.9833971902937421 309
1719509116608 0.9833971902937421 310
1719509117800 0.9833971902937421 311
1719509119077 0.9808429118773946 312
1719509120275 0.9821200510855683 313
1719509121311 0.9833971902937421 314
1719509122397 0.9846743295019157 315
1719509123616 0.9846743295019157 316
1719509126037 0.9808429118773946 317
1719509128310 0.9833971902937421 318
1719509129449 0.9808429118773946 319
1719509130671 0.9821200510855683 320
1719509131794 0.9833971902937421 321
1719509132887 0.9846743295019157 322
1719509135183 0.9808429118773946 323
1719509136438 0.9821200510855683 324
1719509138553 0.9808429118773946 325
1719509140781 0.9833971902937421 326
1719509143201 0.9833971902937421 327
1719509144289 0.9833971902937421 328
1719509145508 0.9808429118773946 329
1719509146831 0.9821200510855683 330
1719509149186 0.9821200510855683 331
1719509151548 0.9833971902937421 332
1719509153881 0.9833971902937421 333
1719509156223 0.9833971902937421 334
1719509157514 0.9833971902937421 335
1719509159832 0.9833971902937421 336
1719509162406 0.9833971902937421 337
1719509164838 0.9833971902937421 338
1719509167298 0.9833971902937421 339
1719509168552 0.9833971902937421 340
1719509169587 0.9808429118773946 341
1719509170663 0.9821200510855683 342
1719509172975 0.9821200510855683 343
1719509174216 0.9808429118773946 344
1719509175280 0.9821200510855683 345
1719509176412 0.9833971902937421 346
1719509178838 0.9808429118773946 347
1719509181022 0.9833971902937421 348
1719509182274 0.9808429118773946 349
1719509184780 0.9833971902937421 350
1719509185901 0.9808429118773946 351
1719509186933 0.9821200510855683 352
1719509188043 0.9833971902937421 353
1719509189135 0.9846743295019157 354
1719509191767 0.9808429118773946 355
1719509194265 0.9833971902937421 356
1719509195447 0.9808429118773946 357
1719509196510 0.9821200510855683 358
1719509198852 0.9821200510855683 359
1719509201172 0.9833971902937421 360
1719509202272 0.9808429118773946 361
1719509203479 0.9821200510855683 362
1719509205721 0.9821200510855683 363
1719509206741 0.9808429118773946 364
1719509208930 0.9833971902937421 365
1719509211248 0.9833971902937421 366
1719509212383 0.9821200510855683 367
1719509213473 0.9821200510855683 368
1719509215735 0.9821200510855683 369
1719509218139 0.9833971902937421 370
1719509219433 0.9821200510855683 371
1719509221864 0.9833971902937421 372
1719509224182 0.9833971902937421 373
1719509226572 0.9833971902937421 374
1719509227960 0.9833971902937421 375
1719509230293 0.9833971902937421 376
1719509231321 0.9833971902937421 377
1719509233519 0.9833971902937421 378
1719509234533 0.9821200510855683 379
1719509235634 0.9821200510855683 380
1719509237980 0.9821200510855683 381
1719509239096 0.9808429118773946 382
1719509241513 0.9833971902937421 383
1719509242600 0.9808429118773946 384
1719509243792 0.9821200510855683 385
1719509246159 0.9821200510855683 386
1719509248463 0.9833971902937421 387
1719509250792 0.9833971902937421 388
1719509253226 0.9833971902937421 389
1719509255870 0.9833971902937421 390
1719509257019 0.9833971902937421 391
1719509258071 0.9821200510855683 392
1719509259213 0.9821200510855683 393
1719509260419 0.9833971902937421 394
1719509262750 0.9821200510855683 395
1719509263852 0.9821200510855683 396
1719509266194 0.9821200510855683 397
1719509267375 0.9808429118773946 398
1719509269752 0.9833971902937421 399
1719509272249 0.9833971902937421 400
1719509274612 0.9833971902937421 401
1719509275881 0.9833971902937421 402
1719509278117 0.9833971902937421 403
1719509280274 0.9833971902937421 404
1719509282756 0.9833971902937421 405
1719509285105 0.9833971902937421 406
1719509286299 0.9833971902937421 407
1719509287489 0.9833971902937421 408
1719509289819 0.9833971902937421 409
1719509292214 0.9833971902937421 410
1719509293341 0.9833971902937421 411
1719509295519 0.9833971902937421 412
1719509297811 0.9833971902937421 413
1719509300131 0.9833971902937421 414
1719509301277 0.9833971902937421 415
1719509303684 0.9833971902937421 416
1719509306030 0.9833971902937421 417
1719509307113 0.9833971902937421 418
1719509309571 0.9833971902937421 419
1719509310661 0.9833971902937421 420
1719509312900 0.9833971902937421 421
1719509314163 0.9821200510855683 422
1719509315342 0.9821200510855683 423
1719509318098 0.9833971902937421 424
1719509320610 0.9833971902937421 425
1719509322961 0.9833971902937421 426
1719509326250 0.9833971902937421 427
1719509328605 0.9833971902937421 428
1719509329838 0.9833971902937421 429
1719509332189 0.9833971902937421 430
1719509333217 0.9833971902937421 431
1719509335790 0.9833971902937421 432
1719509338103 0.9833971902937421 433
1719509340486 0.9833971902937421 434
1719509342737 0.9833971902937421 435
1719509343966 0.9833971902937421 436
1719509345089 0.9833971902937421 437
1719509347528 0.9833971902937421 438
1719509349814 0.9833971902937421 439
1719509352227 0.9833971902937421 440
1719509354327 0.9833971902937421 441
1719509355430 0.9833971902937421 442
1719509356716 0.9833971902937421 443
1719509357904 0.9821200510855683 444
1719509360128 0.9833971902937421 445
1719509362477 0.9833971902937421 446
1719509364852 0.9833971902937421 447
1719509367060 0.9833971902937421 448
1719509369403 0.9833971902937421 449
1719509370404 0.9833971902937421 450
1719509372482 0.9833971902937421 451
1719509375129 0.9833971902937421 452
1719509376154 0.9833971902937421 453
1719509377148 0.9833971902937421 454
1719509378391 0.9821200510855683 455
1719509379467 0.9821200510855683 456
1719509381506 0.9821200510855683 457
1719509382483 0.9821200510855683 458
1719509383741 0.9821200510855683 459
1719509384906 0.9833971902937421 460
1719509387038 0.9821200510855683 461
1719509389406 0.9833971902937421 462
1719509391499 0.9833971902937421 463
1719509392484 0.9821200510855683 464
1719509393473 0.9821200510855683 465
1719509394671 0.9821200510855683 466
1719509396773 0.9821200510855683 467
1719509397795 0.9821200510855683 468
1719509398821 0.9833971902937421 469
1719509401104 0.9808429118773946 470
1719509402097 0.9821200510855683 471
1719509404184 0.9821200510855683 472
1719509406445 0.9833971902937421 473
1719509407450 0.9821200510855683 474
1719509408431 0.9821200510855683 475
1719509410817 0.9821200510855683 476
1719509413069 0.9833971902937421 477
1719509415192 0.9833971902937421 478
1719509416446 0.9833971902937421 479
1719509418636 0.9833971902937421 480
1719509420798 0.9833971902937421 481
1719509422029 0.9833971902937421 482
1719509424258 0.9833971902937421 483
1719509425398 0.9833971902937421 484
1719509427752 0.9833971902937421 485
1719509429926 0.9833971902937421 486
1719509430987 0.9833971902937421 487
1719509432460 0.9833971902937421 488
1719509433904 0.9821200510855683 489
1719509436809 0.9821200510855683 490
1719509439083 0.9833971902937421 491
1719509441355 0.9833971902937421 492
1719509442390 0.9833971902937421 493
1719509443483 0.9821200510855683 494
1719509445884 0.9833971902937421 495
1719509448222 0.9833971902937421 496
1719509449379 0.9833971902937421 497
1719509451935 0.9833971902937421 498
1719509453002 0.9821200510855683 499
1719509454184 0.9821200510855683 500
1719509455269 0.9821200510855683 501
1719509457773 0.9821200510855683 502
1719509458923 0.9821200510855683 503
1719509460056 0.9833971902937421 504
1719509462566 0.9833971902937421 505
1719509463700 0.9821200510855683 506
1719509466001 0.9821200510855683 507
1719509468478 0.9833971902937421 508
1719509469607 0.9821200510855683 509
1719509470696 0.9821200510855683 510
1719509473218 0.9821200510855683 511
1719509474490 0.9821200510855683 512
1719509476849 0.9833971902937421 513
1719509479298 0.9833971902937421 514
1719509480456 0.9821200510855683 515
1719509482827 0.9833971902937421 516
1719509485417 0.9833971902937421 517
1719509487651 0.9833971902937421 518
1719509490222 0.9833971902937421 519
1719509491500 0.9833971902937421 520
1719509493730 0.9833971902937421 521
1719509496285 0.9833971902937421 522
1719509497367 0.9833971902937421 523
1719509498415 0.9833971902937421 524
1719509499684 0.9821200510855683 525
1719509501884 0.9833971902937421 526
1719509502902 0.9833971902937421 527
1719509505132 0.9833971902937421 528
1719509506170 0.9833971902937421 529
1719509507243 0.9821200510855683 530
1719509508261 0.9833971902937421 531
1719509509276 0.9846743295019157 532
1719509511543 0.9821200510855683 533
1719509513652 0.9821200510855683 534
1719509514654 0.9821200510855683 535
1719509515799 0.9821200510855683 536
1719509517974 0.9821200510855683 537
1719509520092 0.9833971902937421 538
1719509521386 0.9833971902937421 539
1719509522589 0.9821200510855683 540
1719509524935 0.9821200510855683 541
1719509527271 0.9833971902937421 542
1719509528462 0.9821200510855683 543
1719509530746 0.9833971902937421 544
1719509533378 0.9833971902937421 545
1719509535700 0.9833971902937421 546
1719509536713 0.9833971902937421 547
1719509537746 0.9821200510855683 548
1719509540147 0.9833971902937421 549
1719509542520 0.9833971902937421 550
1719509544822 0.9833971902937421 551
1719509547208 0.9833971902937421 552
1719509548341 0.9833971902937421 553
1719509550822 0.9833971902937421 554
1719509552006 0.9833971902937421 555
1719509553137 0.9833971902937421 556
1719509554291 0.9821200510855683 557
1719509556860 0.9821200510855683 558
1719509557881 0.9833971902937421 559
1719509560033 0.9833971902937421 560
1719509562312 0.9833971902937421 561
1719509563363 0.9833971902937421 562
1719509565708 0.9833971902937421 563
1719509566928 0.9821200510855683 564
1719509568055 0.9821200510855683 565
1719509570426 0.9833971902937421 566
1719509571556 0.9833971902937421 567
1719509572840 0.9821200510855683 568
1719509573997 0.9846743295019157 569
1719509576387 0.9833971902937421 570
1719509577622 0.9821200510855683 571
1719509579848 0.9833971902937421 572
1719509582189 0.9833971902937421 573
1719509584563 0.9833971902937421 574
1719509585631 0.9833971902937421 575
1719509587882 0.9833971902937421 576
1719509589069 0.9821200510855683 577
1719509590152 0.9821200510855683 578
1719509592621 0.9833971902937421 579
1719509595019 0.9833971902937421 580
1719509596121 0.9821200510855683 581
1719509598453 0.9833971902937421 582
1719509600844 0.9833971902937421 583
1719509603208 0.9833971902937421 584
1719509605638 0.9833971902937421 585
1719509607963 0.9833971902937421 586
1719509609107 0.9833971902937421 587
1719509611496 0.9833971902937421 588
1719509612663 0.9833971902937421 589
1719509615022 0.9833971902937421 590
1719509616275 0.9833971902937421 591
1719509617389 0.9833971902937421 592
1719509619790 0.9833971902937421 593
1719509621080 0.9833971902937421 594
1719509623419 0.9833971902937421 595
1719509624475 0.9833971902937421 596
1719509625535 0.9821200510855683 597
1719509628107 0.9821200510855683 598
1719509629401 0.9833971902937421 599
1719509630484 0.9833971902937421 600
1719509631813 0.9846743295019157 601
1719509633011 0.9846743295019157 602
1719509635327 0.9821200510855683 603
1719509636527 0.9846743295019157 604
1719509637856 0.9846743295019157 605
1719509638958 0.9846743295019157 606
1719509641293 0.9846743295019157 607
1719509642369 0.9846743295019157 608
1719509644933 0.9821200510855683 609
1719509646022 0.9846743295019157 610
1719509647265 0.9846743295019157 611
1719509648497 0.9846743295019157 612
1719509650879 0.9846743295019157 613
1719509651974 0.9846743295019157 614
1719509654486 0.9833971902937421 615
1719509655659 0.9846743295019157 616
1719509658236 0.9833971902937421 617
1719509659534 0.9833971902937421 618
1719509662018 0.9833971902937421 619
1719509663154 0.9833971902937421 620
1719509665524 0.9821200510855683 621
1719509667783 0.9833971902937421 622
1719509668869 0.9833971902937421 623
1719509671261 0.9833971902937421 624
1719509673528 0.9833971902937421 625
1719509674649 0.9833971902937421 626
1719509675913 0.9833971902937421 627
1719509677116 0.9846743295019157 628
1719509678257 0.9846743295019157 629
1719509679315 0.9846743295019157 630
1719509680526 0.9846743295019157 631
1719509682893 0.9846743295019157 632
1719509683978 0.9846743295019157 633
1719509686444 0.9833971902937421 634
1719509688707 0.9821200510855683 635
1719509690856 0.9833971902937421 636
1719509692057 0.9833971902937421 637
1719509693147 0.9833971902937421 638
1719509695358 0.9821200510855683 639
1719509696400 0.9833971902937421 640
1719509698923 0.9821200510855683 641
1719509700047 0.9833971902937421 642
1719509702374 0.9833971902937421 643
1719509704757 0.9833971902937421 644
1719509706985 0.9833971902937421 645
1719509709496 0.9833971902937421 646
1719509710569 0.9833971902937421 647
1719509713008 0.9833971902937421 648
1719509714160 0.9833971902937421 649
1719509715302 0.9833971902937421 650
1719509716422 0.9821200510855683 651
1719509719066 0.9833971902937421 652
1719509720167 0.9833971902937421 653
1719509721239 0.9846743295019157 654
1719509723589 0.9833971902937421 655
1719509726194 0.9833971902937421 656
1719509727418 0.9833971902937421 657
1719509728492 0.9833971902937421 658
1719509729789 0.9846743295019157 659
1719509732202 0.9833971902937421 660
1719509734550 0.9833971902937421 661
1719509737033 0.9833971902937421 662
1719509739416 0.9833971902937421 663
1719509740779 0.9833971902937421 664
1719509741983 0.9833971902937421 665
1719509744329 0.9833971902937421 666
1719509745761 0.9833971902937421 667
1719509748135 0.9833971902937421 668
1719509750511 0.9833971902937421 669
1719509753022 0.9833971902937421 670
1719509755413 0.9833971902937421 671
1719509757722 0.9833971902937421 672
1719509758790 0.9833971902937421 673
1719509759849 0.9833971902937421 674
1719509761057 0.9833971902937421 675
1719509763932 0.9833971902937421 676
1719509765072 0.9833971902937421 677
1719509766199 0.9833971902937421 678
1719509767363 0.9846743295019157 679
1719509769834 0.9833971902937421 680
1719509770945 0.9846743295019157 681
1719509772311 0.9846743295019157 682
1719509774661 0.9833971902937421 683
1719509777306 0.9846743295019157 684
1719509779686 0.9833971902937421 685
1719509781946 0.9833971902937421 686
1719509784457 0.9833971902937421 687
1719509786704 0.9833971902937421 688
1719509788015 0.9833971902937421 689
1719509789202 0.9846743295019157 690
1719509790358 0.9833971902937421 691
1719509791457 0.9833971902937421 692
1719509792624 0.9846743295019157 693
1719509795104 0.9833971902937421 694
1719509797498 0.9846743295019157 695
1719509798768 0.9833971902937421 696
1719509800001 0.9846743295019157 697
1719509802394 0.9833971902937421 698
1719509803922 0.9846743295019157 699
1719509806501 0.9833971902937421 700
1719509807623 0.9833971902937421 701
1719509810138 0.9833971902937421 702
1719509811194 0.9833971902937421 703
1719509812376 0.9846743295019157 704
1719509814844 0.9833971902937421 705
1719509817160 0.9833971902937421 706
1719509818173 0.9833971902937421 707
1719509820518 0.9846743295019157 708
1719509822593 0.9833971902937421 709
1719509823609 0.9846743295019157 710
1719509824617 0.9833971902937421 711
1719509826953 0.9846743295019157 712
1719509829309 0.9833971902937421 713
1719509830444 0.9846743295019157 714
1719509831695 0.9833971902937421 715
1719509833866 0.9846743295019157 716
1719509835026 0.9833971902937421 717
1719509837244 0.9846743295019157 718
1719509838266 0.9833971902937421 719
1719509840776 0.9846743295019157 720
1719509841918 0.9833971902937421 721
1719509844239 0.9846743295019157 722
1719509845466 0.9833971902937421 723
1719509846633 0.9846743295019157 724
1719509849194 0.9833971902937421 725
1719509850418 0.9846743295019157 726
1719509851501 0.9846743295019157 727
1719509853926 0.9846743295019157 728
1719509855002 0.9846743295019157 729
1719509857541 0.9833971902937421 730
1719509859795 0.9833971902937421 731
1719509861057 0.9833971902937421 732
1719509862169 0.9859514687100894 733
1719509864447 0.9833971902937421 734
1719509867110 0.9833971902937421 735
1719509869477 0.9833971902937421 736
1719509871743 0.9833971902937421 737
1719509874079 0.9833971902937421 738
1719509875191 0.9833971902937421 739
1719509876305 0.9846743295019157 740
1719509878881 0.9833971902937421 741
1719509879950 0.9846743295019157 742
1719509881099 0.9833971902937421 743
1719509883581 0.9846743295019157 744
1719509885932 0.9833971902937421 745
1719509887023 0.9846743295019157 746
1719509889478 0.9833971902937421 747
1719509891799 0.9833971902937421 748
1719509894373 0.9833971902937421 749
1719509896767 0.9833971902937421 750
1719509897836 0.9833971902937421 751
1719509900358 0.9833971902937421 752
1719509901424 0.9833971902937421 753
1719509903651 0.9833971902937421 754
1719509904827 0.9846743295019157 755
1719509907158 0.9833971902937421 756
1719509908205 0.9846743295019157 757
1719509910569 0.9833971902937421 758
1719509911735 0.9846743295019157 759
1719509914475 0.9833971902937421 760
1719509915599 0.9846743295019157 761
1719509916779 0.9833971902937421 762
1719509917940 0.9859514687100894 763
1719509918997 0.9846743295019157 764
1719509921412 0.9846743295019157 765
1719509922561 0.9846743295019157 766
1719509925452 0.9833971902937421 767
1719509928503 0.9846743295019157 768
1719509931186 0.9833971902937421 769
1719509934180 0.9833971902937421 770
1719509935454 0.9846743295019157 771
1719509938027 0.9833971902937421 772
1719509940299 0.9833971902937421 773
1719509941351 0.9846743295019157 774
1719509942791 0.9846743295019157 775
1719509945862 0.9846743295019157 776
1719509946905 0.9846743295019157 777
1719509948013 0.9833971902937421 778
1719509950228 0.9846743295019157 779
1719509952413 0.9846743295019157 780
1719509953550 0.9846743295019157 781
1719509955764 0.9846743295019157 782
1719509957969 0.9833971902937421 783
1719509960224 0.9833971902937421 784
1719509962367 0.9833971902937421 785
1719509964567 0.9833971902937421 786
1719509965653 0.9833971902937421 787
1719509967846 0.9833971902937421 788
1719509970063 0.9833971902937421 789
1719509971117 0.9833971902937421 790
1719509973249 0.9833971902937421 791
1719509974298 0.9846743295019157 792
1719509976512 0.9833971902937421 793
1719509978661 0.9833971902937421 794
1719509979701 0.9846743295019157 795
1719509980807 0.9846743295019157 796
1719509981882 0.9846743295019157 797
1719509982965 0.9846743295019157 798
1719509985234 0.9833971902937421 799
1719509987464 0.9846743295019157 800
1719509989711 0.9833971902937421 801
1719509992176 0.9833971902937421 802
1719509994746 0.9833971902937421 803
1719509996075 0.9833971902937421 804
1719509997167 0.9846743295019157 805
1719509998279 0.9846743295019157 806
1719509999373 0.9846743295019157 807
1719510001661 0.9846743295019157 808
1719510002803 0.9833971902937421 809
1719510005081 0.9846743295019157 810
1719510007349 0.9846743295019157 811
1719510009534 0.9833971902937421 812
1719510010638 0.9846743295019157 813
1719510011724 0.9846743295019157 814
1719510012826 0.9859514687100894 815
1719510014947 0.9846743295019157 816
1719510016000 0.9833971902937421 817
1719510018203 0.9846743295019157 818
1719510019275 0.9833971902937421 819
1719510021421 0.9846743295019157 820
1719510023833 0.9846743295019157 821
1719510025088 0.9846743295019157 822
1719510026233 0.9846743295019157 823
1719510027440 0.9859514687100894 824
1719510028618 0.9846743295019157 825
1719510030749 0.9859514687100894 826
1719510031887 0.9846743295019157 827
1719510034113 0.9846743295019157 828
1719510035163 0.9859514687100894 829
1719510037303 0.9846743295019157 830
1719510038422 0.9859514687100894 831
1719510039535 0.9846743295019157 832
1719510040746 0.9846743295019157 833
1719510043142 0.9859514687100894 834
1719510045777 0.9846743295019157 835
1719510048202 0.9846743295019157 836
1719510049419 0.9846743295019157 837
1719510050592 0.9859514687100894 838
1719510052823 0.9846743295019157 839
1719510055131 0.9846743295019157 840
1719510057288 0.9833971902937421 841
1719510058338 0.9846743295019157 842
1719510060538 0.9846743295019157 843
1719510061584 0.9846743295019157 844
1719510063788 0.9846743295019157 845
1719510066130 0.9833971902937421 846
1719510069249 0.9833971902937421 847
1719510071752 0.9833971902937421 848
1719510073908 0.9833971902937421 849
1719510076100 0.9833971902937421 850
1719510078264 0.9833971902937421 851
1719510079355 0.9833971902937421 852
1719510080385 0.9846743295019157 853
1719510081479 0.9846743295019157 854
1719510083583 0.9846743295019157 855
1719510084603 0.9846743295019157 856
1719510085644 0.9833971902937421 857
1719510086727 0.9859514687100894 858
1719510087789 0.9846743295019157 859
1719510088863 0.9846743295019157 860
1719510089896 0.9846743295019157 861
1719510090932 0.9846743295019157 862
1719510092022 0.9846743295019157 863
1719510094191 0.9846743295019157 864
1719510095243 0.9846743295019157 865
1719510096299 0.9846743295019157 866
1719510098470 0.9846743295019157 867
1719510099506 0.9846743295019157 868
1719510101623 0.9846743295019157 869
1719510102707 0.9846743295019157 870
1719510103741 0.9846743295019157 871
1719510104771 0.9846743295019157 872
1719510106906 0.9846743295019157 873
1719510109106 0.9859514687100894 874
1719510111269 0.9846743295019157 875
1719510113434 0.9859514687100894 876
1719510114465 0.9846743295019157 877
1719510115497 0.9859514687100894 878
1719510116522 0.9846743295019157 879
1719510118709 0.9859514687100894 880
1719510119832 0.9859514687100894 881
1719510120862 0.9846743295019157 882
1719510122978 0.9859514687100894 883
1719510125192 0.9846743295019157 884
1719510126226 0.9859514687100894 885
1719510128343 0.9859514687100894 886
1719510129440 0.9859514687100894 887
1719510130479 0.9846743295019157 888
1719510131498 0.9846743295019157 889
1719510133591 0.9859514687100894 890
1719510135767 0.9846743295019157 891
1719510137906 0.9859514687100894 892
1719510138944 0.9846743295019157 893
1719510141124 0.9859514687100894 894
1719510143227 0.9846743295019157 895
1719510145407 0.9833971902937421 896
1719510146442 0.9846743295019157 897
1719510148569 0.9846743295019157 898
1719510150763 0.9833971902937421 899
1719510151800 0.9846743295019157 900
1719510152828 0.9859514687100894 901
1719510154953 0.9846743295019157 902
1719510157242 0.9846743295019157 903
1719510158260 0.9846743295019157 904
1719510160424 0.9846743295019157 905
1719510162528 0.9833971902937421 906
1719510163598 0.9846743295019157 907
1719510165784 0.9846743295019157 908
1719510166822 0.9846743295019157 909
1719510167875 0.9859514687100894 910
1719510170129 0.9846743295019157 911
1719510173297 0.9846743295019157 912
1719510175720 0.9833971902937421 913
1719510176887 0.9846743295019157 914
1719510178212 0.9846743295019157 915
1719510180555 0.9846743295019157 916
1719510183174 0.9846743295019157 917
1719510184352 0.9846743295019157 918
1719510185574 0.9859514687100894 919
1719510188092 0.9846743295019157 920
1719510189425 0.9859514687100894 921
1719510191819 0.9846743295019157 922
1719510194374 0.9846743295019157 923
1719510196739 0.9833971902937421 924
1719510199379 0.9833971902937421 925
1719510200578 0.9846743295019157 926
1719510201725 0.9846743295019157 927
1719510204196 0.9846743295019157 928
1719510206624 0.9846743295019157 929
1719510207758 0.9846743295019157 930
1719510210082 0.9846743295019157 931
1719510211134 0.9846743295019157 932
1719510212170 0.9859514687100894 933
1719510214385 0.9846743295019157 934
1719510215607 0.9859514687100894 935
1719510216656 0.9859514687100894 936
1719510218901 0.9859514687100894 937
1719510221858 0.9846743295019157 938
1719510224202 0.9846743295019157 939
1719510226437 0.9833971902937421 940
1719510228600 0.9833971902937421 941
1719510230801 0.9833971902937421 942
1719510231829 0.9846743295019157 943
1719510232860 0.9846743295019157 944
1719510235057 0.9846743295019157 945
1719510237180 0.9833971902937421 946
1719510239325 0.9833971902937421 947
1719510240432 0.9846743295019157 948
1719510241469 0.9846743295019157 949
1719510242496 0.9846743295019157 950
1719510244646 0.9846743295019157 951
1719510245763 0.9846743295019157 952
1719510247866 0.9846743295019157 953
1719510248969 0.9846743295019157 954
1719510250289 0.9859514687100894 955
1719510251454 0.9859514687100894 956
1719510253953 0.9859514687100894 957
1719510255036 0.9859514687100894 958
1719510256232 0.9859514687100894 959
1719510257278 0.9846743295019157 960
1719510258492 0.9846743295019157 961
1719510259603 0.9846743295019157 962
1719510261968 0.9846743295019157 963
1719510264506 0.9859514687100894 964
1719510265750 0.9859514687100894 965
1719510268015 0.9859514687100894 966
1719510269202 0.9859514687100894 967
1719510271398 0.9859514687100894 968
1719510272503 0.9859514687100894 969
1719510274700 0.9859514687100894 970
1719510275750 0.9859514687100894 971
1719510277949 0.9859514687100894 972
1719510279063 0.9859514687100894 973
1719510281339 0.9859514687100894 974
1719510282475 0.9859514687100894 975
1719510285138 0.9859514687100894 976
1719510287423 0.9859514687100894 977
1719510288575 0.9859514687100894 978
1719510290722 0.9859514687100894 979
1719510292924 0.9846743295019157 980
1719510295225 0.9846743295019157 981
1719510296312 0.9846743295019157 982
1719510297395 0.9859514687100894 983
1719510298471 0.9859514687100894 984
1719510300656 0.9859514687100894 985
1719510301679 0.9859514687100894 986
1719510302734 0.9859514687100894 987
1719510303833 0.9859514687100894 988
1719510305988 0.9859514687100894 989
1719510308116 0.9872286079182631 990
1719510310403 0.9859514687100894 991
1719510311430 0.9859514687100894 992
1719510312565 0.9859514687100894 993
1719510314861 0.9859514687100894 994
1719510315907 0.9859514687100894 995
1719510318049 0.9859514687100894 996
1719510320260 0.9859514687100894 997
1719510322415 0.9846743295019157 998
1719510324533 0.9846743295019157 999
1719510326707 0.9833971902937421 1000
1719510328847 0.9833971902937421 1001
1719510330999 0.9833971902937421 1002
1719510332055 0.9846743295019157 1003
1719510333108 0.9846743295019157 1004
1719510334136 0.9859514687100894 1005
1719510336340 0.9846743295019157 1006
1719510337370 0.9859514687100894 1007
1719510339482 0.9846743295019157 1008
1719510341698 0.9846743295019157 1009
1719510343831 0.9846743295019157 1010
1719510345970 0.9833971902937421 1011
1719510347059 0.9846743295019157 1012
1719510348114 0.9846743295019157 1013
1719510350275 0.9846743295019157 1014
1719510352498 0.9846743295019157 1015
1719510353528 0.9846743295019157 1016
1719510355715 0.9846743295019157 1017
1719510356824 0.9846743295019157 1018
1719510359540 0.9846743295019157 1019
1719510361969 0.9846743295019157 1020
1719510364551 0.9846743295019157 1021
1719510367241 0.9833971902937421 1022
1719510369695 0.9833971902937421 1023
1719510372210 0.9833971902937421 1024
1719510374645 0.9833971902937421 1025
1719510375849 0.9833971902937421 1026
1719510378352 0.9833971902937421 1027
1719510380863 0.9833971902937421 1028
1719510382147 0.9846743295019157 1029
1719510384558 0.9833971902937421 1030
1719510385724 0.9846743295019157 1031
1719510388203 0.9846743295019157 1032
1719510390597 0.9833971902937421 1033
1719510393088 0.9833971902937421 1034
1719510394214 0.9846743295019157 1035
1719510396564 0.9833971902937421 1036
1719510397900 0.9846743295019157 1037
1719510399044 0.9846743295019157 1038
1719510400261 0.9846743295019157 1039
1719510402626 0.9846743295019157 1040
1719510403891 0.9846743295019157 1041
1719510405296 0.9872286079182631 1042
1719510406451 0.9859514687100894 1043
1719510407532 0.9859514687100894 1044
1719510408762 0.9859514687100894 1045
1719510411236 0.9859514687100894 1046
1719510412279 0.9859514687100894 1047
1719510413343 0.9859514687100894 1048
1719510414426 0.9846743295019157 1049
1719510416744 0.9859514687100894 1050
1719510417808 0.9846743295019157 1051
1719510419039 0.9846743295019157 1052
1719510421292 0.9859514687100894 1053
1719510422369 0.9846743295019157 1054
1719510424894 0.9859514687100894 1055
1719510427161 0.9859514687100894 1056
1719510429289 0.9859514687100894 1057
1719510430335 0.9859514687100894 1058
1719510431481 0.9859514687100894 1059
1719510433982 0.9872286079182631 1060
1719510435017 0.9859514687100894 1061
1719510436053 0.9859514687100894 1062
1719510437144 0.9846743295019157 1063
1719510439446 0.9859514687100894 1064
1719510441674 0.9859514687100894 1065
1719510443991 0.9859514687100894 1066
1719510445171 0.9872286079182631 1067
1719510447424 0.9859514687100894 1068
1719510449690 0.9859514687100894 1069
1719510450862 0.9859514687100894 1070
1719510453522 0.9859514687100894 1071
1719510455700 0.9846743295019157 1072
1719510457260 0.9859514687100894 1073
1719510459456 0.9846743295019157 1074
1719510460489 0.9859514687100894 1075
1719510462602 0.9846743295019157 1076
1719510464791 0.9846743295019157 1077
1719510466906 0.9846743295019157 1078
1719510469094 0.9846743295019157 1079
1719510471316 0.9833971902937421 1080
1719510472360 0.9846743295019157 1081
1719510475043 0.9846743295019157 1082
1719510476254 0.9846743295019157 1083
1719510478984 0.9846743295019157 1084
1719510480219 0.9846743295019157 1085
1719510481278 0.9859514687100894 1086
1719510483597 0.9846743295019157 1087
1719510486028 0.9846743295019157 1088
1719510488341 0.9846743295019157 1089
1719510490879 0.9846743295019157 1090
1719510491987 0.9846743295019157 1091
1719510493083 0.9846743295019157 1092
1719510495552 0.9846743295019157 1093
1719510496594 0.9846743295019157 1094
1719510497649 0.9859514687100894 1095
1719510499817 0.9846743295019157 1096
1719510502478 0.9846743295019157 1097
1719510504012 0.9859514687100894 1098
1719510506429 0.9846743295019157 1099
1719510508742 0.9846743295019157 1100
1719510511153 0.9846743295019157 1101
1719510513553 0.9846743295019157 1102
1719510515824 0.9833971902937421 1103
1719510516994 0.9846743295019157 1104
1719510518082 0.9846743295019157 1105
1719510519146 0.9846743295019157 1106
1719510520186 0.9872286079182631 1107
1719510521263 0.9872286079182631 1108
1719510523801 0.9872286079182631 1109
1719510525065 0.9859514687100894 1110
1719510526174 0.9859514687100894 1111
1719510528605 0.9872286079182631 1112
1719510529774 0.9859514687100894 1113
1719510530854 0.9859514687100894 1114
1719510533219 0.9859514687100894 1115
1719510535531 0.9872286079182631 1116
1719510536721 0.9859514687100894 1117
1719510537918 0.9859514687100894 1118
1719510539006 0.9859514687100894 1119
1719510540139 0.9846743295019157 1120
1719510542464 0.9859514687100894 1121
1719510543741 0.9859514687100894 1122
1719510544868 0.9846743295019157 1123
1719510545930 0.9846743295019157 1124
1719510548418 0.9859514687100894 1125
1719510549588 0.9846743295019157 1126
1719510552029 0.9859514687100894 1127
1719510554269 0.9859514687100894 1128
1719510555333 0.9859514687100894 1129
1719510557533 0.9859514687100894 1130
1719510559753 0.9872286079182631 1131
1719510560807 0.9872286079182631 1132
1719510561863 0.9859514687100894 1133
1719510562946 0.9859514687100894 1134
1719510565284 0.9859514687100894 1135
1719510567658 0.9872286079182631 1136
1719510568809 0.9859514687100894 1137
1719510570034 0.9859514687100894 1138
1719510571077 0.9859514687100894 1139
1719510573486 0.9859514687100894 1140
1719510574813 0.9859514687100894 1141
1719510575916 0.9846743295019157 1142
1719510576949 0.9846743295019157 1143
1719510579081 0.9859514687100894 1144
1719510580186 0.9846743295019157 1145
1719510582287 0.9859514687100894 1146
1719510584382 0.9859514687100894 1147
1719510586549 0.9872286079182631 1148
1719510587573 0.9859514687100894 1149
1719510588599 0.9859514687100894 1150
1719510589644 0.9859514687100894 1151
1719510591816 0.9859514687100894 1152
1719510594003 0.9872286079182631 1153
1719510596296 0.9872286079182631 1154
1719510597338 0.9872286079182631 1155
1719510598364 0.9859514687100894 1156
1719510600481 0.9872286079182631 1157
1719510602658 0.9872286079182631 1158
1719510604774 0.9859514687100894 1159
1719510605801 0.9872286079182631 1160
1719510607977 0.9859514687100894 1161
1719510609013 0.9872286079182631 1162
1719510611123 0.9859514687100894 1163
1719510612246 0.9872286079182631 1164
1719510613295 0.9872286079182631 1165
1719510614350 0.9859514687100894 1166
1719510616444 0.9872286079182631 1167
1719510618630 0.9872286079182631 1168
1719510619656 0.9872286079182631 1169
1719510621771 0.9872286079182631 1170
1719510623939 0.9859514687100894 1171
1719510626035 0.9859514687100894 1172
1719510627067 0.9859514687100894 1173
1719510628170 0.9872286079182631 1174
1719510630286 0.9859514687100894 1175
1719510632372 0.9859514687100894 1176
1719510633478 0.9872286079182631 1177
1719510634509 0.9872286079182631 1178
1719510635533 0.9859514687100894 1179
1719510637657 0.9872286079182631 1180
1719510638764 0.9859514687100894 1181
1719510640867 0.9872286079182631 1182
1719510641889 0.9859514687100894 1183
1719510644089 0.9872286079182631 1184
1719510645120 0.9872286079182631 1185
1719510646170 0.9859514687100894 1186
1719510647173 0.9859514687100894 1187
1719510649352 0.9859514687100894 1188
1719510651523 0.9872286079182631 1189
1719510652515 0.9859514687100894 1190
1719510654690 0.9872286079182631 1191
1719510656849 0.9872286079182631 1192
1719510659115 0.9859514687100894 1193
1719510660250 0.9872286079182631 1194
1719510661325 0.9872286079182631 1195
1719510662418 0.9859514687100894 1196
1719510663489 0.9859514687100894 1197
1719510665697 0.9859514687100894 1198
1719510667849 0.9872286079182631 1199
1719510669947 0.9872286079182631 1200
1719510671041 0.9872286079182631 1201
1719510672073 0.9872286079182631 1202
1719510673100 0.9859514687100894 1203
1719510674123 0.9859514687100894 1204
1719510676361 0.9859514687100894 1205
1719510678481 0.9872286079182631 1206
1719510679506 0.9859514687100894 1207
1719510681708 0.9872286079182631 1208
1719510683806 0.9872286079182631 1209
1719510684822 0.9872286079182631 1210
1719510686974 0.9872286079182631 1211
1719510688006 0.9872286079182631 1212
1719510690117 0.9872286079182631 1213
1719510692273 0.9859514687100894 1214
1719510694419 0.9859514687100894 1215
1719510695457 0.9859514687100894 1216
1719510696490 0.9872286079182631 1217
1719510697623 0.9872286079182631 1218
1719510699763 0.9872286079182631 1219
1719510700810 0.9872286079182631 1220
1719510702996 0.9872286079182631 1221
1719510705084 0.9859514687100894 1222
1719510707169 0.9859514687100894 1223
1719510708243 0.9872286079182631 1224
1719510710345 0.9859514687100894 1225
1719510711394 0.9872286079182631 1226
1719510713551 0.9859514687100894 1227
1719510715657 0.9859514687100894 1228
1719510716686 0.9859514687100894 1229
1719510717735 0.9872286079182631 1230
1719510720018 0.9859514687100894 1231
1719510721218 0.9872286079182631 1232
1719510722754 0.9872286079182631 1233
1719510724099 0.9859514687100894 1234
1719510725222 0.9859514687100894 1235
1719510727542 0.9859514687100894 1236
1719510729842 0.9872286079182631 1237
1719510730909 0.9859514687100894 1238
1719510732016 0.9859514687100894 1239
1719510733110 0.9859514687100894 1240
1719510734254 0.9846743295019157 1241
1719510735320 0.9846743295019157 1242
1719510736399 0.9846743295019157 1243
1719510737648 0.9846743295019157 1244
1719510738965 0.9846743295019157 1245
1719510740192 0.9846743295019157 1246
1719510741240 0.9846743295019157 1247
1719510742416 0.9846743295019157 1248
1719510745272 0.9846743295019157 1249
1719510746328 0.9846743295019157 1250
1719510747399 0.9846743295019157 1251
1719510748442 0.9846743295019157 1252
1719510749532 0.9846743295019157 1253
1719510751814 0.9846743295019157 1254
1719510752866 0.9846743295019157 1255
1719510755084 0.9846743295019157 1256
1719510757708 0.9846743295019157 1257
1719510758785 0.9846743295019157 1258
1719510759857 0.9846743295019157 1259
1719510762132 0.9846743295019157 1260
1719510763201 0.9846743295019157 1261
1719510765456 0.9846743295019157 1262
1719510767761 0.9859514687100894 1263
1719510769921 0.9859514687100894 1264
1719510772175 0.9872286079182631 1265
1719510774320 0.9872286079182631 1266
1719510776548 0.9872286079182631 1267
1719510778724 0.9859514687100894 1268
1719510780894 0.9859514687100894 1269
1719510783114 0.9859514687100894 1270
1719510784246 0.9859514687100894 1271
1719510785314 0.9872286079182631 1272
1719510787561 0.9859514687100894 1273
1719510789770 0.9859514687100894 1274
1719510790847 0.9859514687100894 1275
1719510791924 0.9872286079182631 1276
1719510794384 0.9872286079182631 1277
1719510796667 0.9859514687100894 1278
1719510797837 0.9872286079182631 1279
1719510800012 0.9859514687100894 1280
1719510801059 0.9872286079182631 1281
1719510802158 0.9872286079182631 1282
1719510803304 0.9872286079182631 1283
1719510804365 0.9859514687100894 1284
1719510806536 0.9872286079182631 1285
1719510808798 0.9872286079182631 1286
1719510810975 0.9872286079182631 1287
1719510813144 0.9859514687100894 1288
1719510814279 0.9872286079182631 1289
1719510815341 0.9872286079182631 1290
1719510818055 0.9872286079182631 1291
1719510819383 0.9872286079182631 1292
1719510821826 0.9872286079182631 1293
1719510824131 0.9859514687100894 1294
1719510825239 0.9872286079182631 1295
1719510826318 0.9872286079182631 1296
1719510827390 0.9859514687100894 1297
1719510828477 0.9859514687100894 1298
1719510830701 0.9859514687100894 1299
1719510831786 0.9859514687100894 1300
1719510832865 0.9859514687100894 1301
1719510833929 0.9859514687100894 1302
1719510836211 0.9859514687100894 1303
1719510837305 0.9859514687100894 1304
1719510838398 0.9859514687100894 1305
1719510839495 0.9846743295019157 1306
1719510840754 0.9846743295019157 1307
1719510841945 0.9846743295019157 1308
1719510843064 0.9846743295019157 1309
1719510844152 0.9846743295019157 1310
1719510846455 0.9846743295019157 1311
1719510848707 0.9846743295019157 1312
1719510849803 0.9846743295019157 1313
1719510852109 0.9859514687100894 1314
1719510853192 0.9846743295019157 1315
1719510855534 0.9859514687100894 1316
1719510857981 0.9859514687100894 1317
1719510859078 0.9859514687100894 1318
1719510860174 0.9859514687100894 1319
1719510861283 0.9846743295019157 1320
1719510863473 0.9859514687100894 1321
1719510864549 0.9859514687100894 1322
1719510866801 0.9859514687100894 1323
1719510869014 0.9859514687100894 1324
1719510871217 0.9872286079182631 1325
1719510873502 0.9872286079182631 1326
1719510875708 0.9872286079182631 1327
1719510876770 0.9872286079182631 1328
1719510877908 0.9872286079182631 1329
1719510878986 0.9859514687100894 1330
1719510881211 0.9872286079182631 1331
1719510883473 0.9872286079182631 1332
1719510884552 0.9872286079182631 1333
1719510885625 0.9859514687100894 1334
1719510886684 0.9859514687100894 1335
1719510887769 0.9859514687100894 1336
1719510888904 0.9846743295019157 1337
1719510891141 0.9859514687100894 1338
1719510893562 0.9859514687100894 1339
1719510894642 0.9859514687100894 1340
1719510895704 0.9859514687100894 1341
1719510897899 0.9859514687100894 1342
1719510900202 0.9872286079182631 1343
1719510901294 0.9859514687100894 1344
1719510903499 0.9872286079182631 1345
1719510905808 0.9872286079182631 1346
1719510906887 0.9872286079182631 1347
1719510909187 0.9872286079182631 1348
1719510910282 0.9872286079182631 1349
1719510911350 0.9859514687100894 1350
1719510913549 0.9872286079182631 1351
1719510915835 0.9872286079182631 1352
1719510916926 0.9872286079182631 1353
1719510917976 0.9859514687100894 1354
1719510920224 0.9872286079182631 1355
1719510921268 0.9859514687100894 1356
1719510923434 0.9872286079182631 1357
1719510924481 0.9859514687100894 1358
1719510926726 0.9872286079182631 1359
1719510927865 0.9872286079182631 1360
1719510928972 0.9859514687100894 1361
1719510930076 0.9859514687100894 1362
1719510931248 0.9859514687100894 1363
1719510932329 0.9846743295019157 1364
1719510934577 0.9859514687100894 1365
1719510935811 0.9859514687100894 1366
1719510937982 0.9859514687100894 1367
1719510940144 0.9859514687100894 1368
1719510942509 0.9872286079182631 1369
1719510943627 0.9859514687100894 1370
1719510944703 0.9859514687100894 1371
1719510945756 0.9859514687100894 1372
1719510948055 0.9859514687100894 1373
1719510949160 0.9859514687100894 1374
1719510951399 0.9859514687100894 1375
1719510952556 0.9859514687100894 1376
1719510953656 0.9859514687100894 1377
1719510954758 0.9859514687100894 1378
1719510955880 0.9846743295019157 1379
1719510957064 0.9846743295019157 1380
1719510959314 0.9859514687100894 1381
1719510960422 0.9846743295019157 1382
1719510962740 0.9859514687100894 1383
1719510965161 0.9859514687100894 1384
1719510966256 0.9859514687100894 1385
1719510967347 0.9859514687100894 1386
1719510969636 0.9859514687100894 1387
1719510970700 0.9859514687100894 1388
1719510971767 0.9859514687100894 1389
1719510972910 0.9846743295019157 1390
1719510975130 0.9859514687100894 1391
1719510977340 0.9859514687100894 1392
1719510979598 0.9859514687100894 1393
1719510981819 0.9872286079182631 1394
1719510984105 0.9872286079182631 1395
1719510986295 0.9872286079182631 1396
1719510988474 0.9872286079182631 1397
1719510990694 0.9859514687100894 1398
1719510992867 0.9859514687100894 1399
1719510995129 0.9859514687100894 1400
1719510996167 0.9859514687100894 1401
1719510997450 0.9872286079182631 1402
1719510999992 0.9859514687100894 1403
1719511002208 0.9859514687100894 1404
1719511004413 0.9859514687100894 1405
1719511005498 0.9859514687100894 1406
1719511006519 0.9872286079182631 1407
1719511008661 0.9872286079182631 1408
1719511010859 0.9859514687100894 1409
1719511012998 0.9859514687100894 1410
1719511015119 0.9859514687100894 1411
1719511017315 0.9859514687100894 1412
1719511019436 0.9859514687100894 1413
1719511020490 0.9859514687100894 1414
1719511021569 0.9859514687100894 1415
1719511022604 0.9872286079182631 1416
1719511024749 0.9859514687100894 1417
1719511026926 0.9859514687100894 1418
1719511029058 0.9859514687100894 1419
1719511030170 0.9859514687100894 1420
1719511031222 0.9872286079182631 1421
1719511033350 0.9859514687100894 1422
1719511034381 0.9872286079182631 1423
1719511035410 0.9872286079182631 1424
1719511037597 0.9872286079182631 1425
1719511038642 0.9872286079182631 1426
1719511039662 0.9872286079182631 1427
1719511041832 0.9872286079182631 1428
1719511042900 0.9872286079182631 1429
1719511045024 0.9872286079182631 1430
1719511047210 0.9872286079182631 1431
1719511049356 0.9872286079182631 1432
1719511051505 0.9859514687100894 1433
1719511053688 0.9859514687100894 1434
1719511054744 0.9859514687100894 1435
1719511056986 0.9859514687100894 1436
1719511059200 0.9859514687100894 1437
1719511061330 0.9859514687100894 1438
1719511063504 0.9859514687100894 1439
1719511065631 0.9859514687100894 1440
1719511067731 0.9846743295019157 1441
1719511068862 0.9859514687100894 1442
1719511069904 0.9859514687100894 1443
1719511072012 0.9859514687100894 1444
1719511074214 0.9859514687100894 1445
1719511076469 0.9846743295019157 1446
1719511078671 0.9846743295019157 1447
1719511080978 0.9846743295019157 1448
1719511083148 0.9846743295019157 1449
1719511085368 0.9846743295019157 1450
1719511087476 0.9846743295019157 1451
1719511088520 0.9846743295019157 1452
1719511090741 0.9846743295019157 1453
1719511092906 0.9846743295019157 1454
1719511095102 0.9846743295019157 1455
1719511096118 0.9846743295019157 1456
1719511098238 0.9846743295019157 1457
1719511099276 0.9846743295019157 1458
1719511101476 0.9846743295019157 1459
1719511102556 0.9846743295019157 1460
1719511103604 0.9859514687100894 1461
1719511105843 0.9846743295019157 1462
1719511107982 0.9846743295019157 1463
1719511109019 0.9859514687100894 1464
1719511111217 0.9846743295019157 1465
1719511112276 0.9859514687100894 1466
1719511113319 0.9872286079182631 1467
1719511115429 0.9859514687100894 1468
1719511117627 0.9859514687100894 1469
1719511118675 0.9859514687100894 1470
1719511121424 0.9859514687100894 1471
1719511122785 0.9859514687100894 1472
1719511124931 0.9859514687100894 1473
1719511127150 0.9859514687100894 1474
1719511129292 0.9846743295019157 1475
1719511130314 0.9859514687100894 1476
1719511131336 0.9872286079182631 1477
1719511132424 0.9872286079182631 1478
1719511133461 0.9872286079182631 1479
1719511135566 0.9872286079182631 1480
1719511136582 0.9872286079182631 1481
1719511138769 0.9872286079182631 1482
1719511140899 0.9872286079182631 1483
1719511143093 0.9859514687100894 1484
1719511144126 0.9872286079182631 1485
1719511146240 0.9859514687100894 1486
1719511147258 0.9872286079182631 1487
1719511149462 0.9859514687100894 1488
1719511150486 0.9872286079182631 1489
1719511151514 0.9872286079182631 1490
1719511152540 0.9872286079182631 1491
1719511154743 0.9872286079182631 1492
1719511155769 0.9872286079182631 1493
1719511156787 0.9872286079182631 1494
1719511158968 0.9872286079182631 1495
1719511159996 0.9872286079182631 1496
1719511162109 0.9872286079182631 1497
1719511163137 0.9872286079182631 1498
1719511165298 0.9872286079182631 1499
1719511167408 0.9872286079182631 1500
1719511169587 0.9872286079182631 1501
1719511170611 0.9872286079182631 1502
1719511171662 0.9872286079182631 1503
1719511173816 0.9872286079182631 1504
1719511174906 0.9872286079182631 1505
1719511175936 0.9872286079182631 1506
1719511178073 0.9872286079182631 1507
1719511180222 0.9872286079182631 1508
1719511181247 0.9872286079182631 1509
1719511182304 0.9872286079182631 1510
1719511183339 0.9859514687100894 1511
1719511184429 0.9859514687100894 1512
1719511185525 0.9859514687100894 1513
1719511187672 0.9859514687100894 1514
1719511188769 0.9859514687100894 1515
1719511191003 0.9859514687100894 1516
1719511193228 0.9872286079182631 1517
1719511194313 0.9859514687100894 1518
1719511195381 0.9859514687100894 1519
1719511197607 0.9872286079182631 1520
1719511198687 0.9859514687100894 1521
1719511201455 0.9872286079182631 1522
1719511202713 0.9859514687100894 1523
1719511203959 0.9859514687100894 1524
1719511205207 0.9859514687100894 1525
1719511206477 0.9859514687100894 1526
1719511207559 0.9846743295019157 1527
1719511208763 0.9846743295019157 1528
1719511209940 0.9846743295019157 1529
1719511211066 0.9846743295019157 1530
1719511213312 0.9846743295019157 1531
1719511215440 0.9859514687100894 1532
1719511217630 0.9859514687100894 1533
1719511219799 0.9859514687100894 1534
1719511221942 0.9872286079182631 1535
1719511223085 0.9859514687100894 1536
1719511224139 0.9859514687100894 1537
1719511225188 0.9859514687100894 1538
1719511227389 0.9859514687100894 1539
1719511229565 0.9872286079182631 1540
1719511231697 0.9872286079182631 1541
1719511233917 0.9872286079182631 1542
1719511236076 0.9872286079182631 1543
1719511238275 0.9872286079182631 1544
1719511240390 0.9872286079182631 1545
1719511241424 0.9872286079182631 1546
1719511243649 0.9872286079182631 1547
1719511244677 0.9872286079182631 1548
1719511245734 0.9872286079182631 1549
1719511246772 0.9872286079182631 1550
1719511247801 0.9872286079182631 1551
1719511250054 0.9872286079182631 1552
1719511251087 0.9872286079182631 1553
1719511253244 0.9872286079182631 1554
1719511254349 0.9872286079182631 1555
1719511255382 0.9859514687100894 1556
1719511257498 0.9872286079182631 1557
1719511258534 0.9859514687100894 1558
1719511260735 0.9872286079182631 1559
1719511261772 0.9872286079182631 1560
1719511263987 0.9872286079182631 1561
1719511266270 0.9872286079182631 1562
1719511267338 0.9872286079182631 1563
1719511268437 0.9872286079182631 1564
1719511270723 0.9872286079182631 1565
1719511272915 0.9872286079182631 1566
1719511273994 0.9872286079182631 1567
1719511276254 0.9872286079182631 1568
1719511278488 0.9872286079182631 1569
1719511279576 0.9872286079182631 1570
1719511281850 0.9872286079182631 1571
1719511282953 0.9872286079182631 1572
1719511285160 0.9872286079182631 1573
1719511286307 0.9872286079182631 1574
1719511288512 0.9872286079182631 1575
1719511289590 0.9872286079182631 1576
1719511291882 0.9872286079182631 1577
1719511293013 0.9872286079182631 1578
1719511294106 0.9872286079182631 1579
1719511295185 0.9872286079182631 1580
1719511297466 0.9872286079182631 1581
1719511299800 0.9872286079182631 1582
1719511300894 0.9872286079182631 1583
1719511303171 0.9872286079182631 1584
1719511304264 0.9872286079182631 1585
1719511306497 0.9872286079182631 1586
1719511308805 0.9872286079182631 1587
1719511311015 0.9872286079182631 1588
1719511313311 0.9872286079182631 1589
1719511315542 0.9872286079182631 1590
1719511316644 0.9872286079182631 1591
1719511317817 0.9872286079182631 1592
1719511320043 0.9872286079182631 1593
1719511321146 0.9872286079182631 1594
1719511322243 0.9872286079182631 1595
1719511324524 0.9872286079182631 1596
1719511326782 0.9872286079182631 1597
1719511327881 0.9872286079182631 1598
1719511329030 0.9872286079182631 1599
1719511331228 0.9872286079182631 1600
1719511333491 0.9872286079182631 1601
1719511335772 0.9872286079182631 1602
1719511336869 0.9872286079182631 1603
1719511339159 0.9872286079182631 1604
1719511340244 0.9872286079182631 1605
1719511342472 0.9872286079182631 1606
1719511343606 0.9872286079182631 1607
1719511345891 0.9872286079182631 1608
1719511348121 0.9872286079182631 1609
1719511350385 0.9872286079182631 1610
1719511351489 0.9872286079182631 1611
1719511352571 0.9872286079182631 1612
1719511353695 0.9872286079182631 1613
1719511355995 0.9872286079182631 1614
1719511358366 0.9872286079182631 1615
1719511359455 0.9872286079182631 1616
1719511361760 0.9872286079182631 1617
1719511364024 0.9872286079182631 1618
1719511365118 0.9872286079182631 1619
1719511366249 0.9872286079182631 1620
1719511367344 0.9872286079182631 1621
1719511368438 0.9872286079182631 1622
1719511370718 0.9872286079182631 1623
1719511371847 0.9872286079182631 1624
1719511374108 0.9872286079182631 1625
1719511375213 0.9872286079182631 1626
1719511376358 0.9872286079182631 1627
1719511377436 0.9859514687100894 1628
1719511378520 0.9859514687100894 1629
1719511379612 0.9859514687100894 1630
1719511380701 0.9859514687100894 1631
1719511382977 0.9859514687100894 1632
1719511384092 0.9859514687100894 1633
1719511385163 0.9859514687100894 1634
1719511386266 0.9846743295019157 1635
1719511388591 0.9859514687100894 1636
1719511389743 0.9859514687100894 1637
1719511392032 0.9859514687100894 1638
1719511394250 0.9859514687100894 1639
1719511395342 0.9859514687100894 1640
1719511396421 0.9859514687100894 1641
1719511397572 0.9859514687100894 1642
1719511398696 0.9846743295019157 1643
1719511399767 0.9846743295019157 1644
1719511400868 0.9846743295019157 1645
1719511401954 0.9846743295019157 1646
1719511404264 0.9846743295019157 1647
1719511405361 0.9846743295019157 1648
1719511407638 0.9859514687100894 1649
1719511408800 0.9846743295019157 1650
1719511409879 0.9846743295019157 1651
1719511412134 0.9859514687100894 1652
1719511413272 0.9846743295019157 1653
1719511415538 0.9859514687100894 1654
1719511417784 0.9859514687100894 1655
1719511420081 0.9859514687100894 1656
1719511421154 0.9859514687100894 1657
1719511422243 0.9859514687100894 1658
1719511424543 0.9859514687100894 1659
1719511426755 0.9872286079182631 1660
1719511429013 0.9872286079182631 1661
1719511430124 0.9872286079182631 1662
1719511432361 0.9872286079182631 1663
1719511434644 0.9872286079182631 1664
1719511435754 0.9872286079182631 1665
1719511437970 0.9872286079182631 1666
1719511440293 0.9872286079182631 1667
1719511442526 0.9872286079182631 1668
1719511444796 0.9872286079182631 1669
1719511445939 0.9872286079182631 1670
1719511448186 0.9872286079182631 1671
1719511449271 0.9872286079182631 1672
1719511450394 0.9872286079182631 1673
1719511452643 0.9872286079182631 1674
1719511453722 0.9872286079182631 1675
1719511454833 0.9872286079182631 1676
1719511457131 0.9872286079182631 1677
1719511459388 0.9872286079182631 1678
1719511461675 0.9872286079182631 1679
1719511462769 0.9872286079182631 1680
1719511464987 0.9872286079182631 1681
1719511467266 0.9872286079182631 1682
1719511469483 0.9872286079182631 1683
1719511470565 0.9872286079182631 1684
1719511472852 0.9872286079182631 1685
1719511473953 0.9872286079182631 1686
1719511475031 0.9872286079182631 1687
1719511476122 0.9872286079182631 1688
1719511478417 0.9872286079182631 1689
1719511480750 0.9872286079182631 1690
1719511483061 0.9872286079182631 1691
1719511484136 0.9872286079182631 1692
1719511485231 0.9872286079182631 1693
1719511487485 0.9872286079182631 1694
1719511488611 0.9872286079182631 1695
1719511489694 0.9872286079182631 1696
1719511491927 0.9872286079182631 1697
1719511493086 0.9872286079182631 1698
1719511494197 0.9872286079182631 1699
1719511495278 0.9859514687100894 1700
1719511496372 0.9859514687100894 1701
1719511497456 0.9859514687100894 1702
1719511499750 0.9859514687100894 1703
1719511501997 0.9872286079182631 1704
1719511504302 0.9872286079182631 1705
1719511505423 0.9872286079182631 1706
1719511506519 0.9859514687100894 1707
1719511507631 0.9859514687100894 1708
1719511508783 0.9859514687100894 1709
1719511509905 0.9859514687100894 1710
1719511512137 0.9859514687100894 1711
1719511513222 0.9859514687100894 1712
1719511514364 0.9859514687100894 1713
1719511516605 0.9859514687100894 1714
1719511518834 0.9859514687100894 1715
1719511521119 0.9872286079182631 1716
1719511522201 0.9859514687100894 1717
1719511523345 0.9859514687100894 1718
1719511524449 0.9859514687100894 1719
1719511525575 0.9859514687100894 1720
1719511526673 0.9859514687100894 1721
1719511527802 0.9846743295019157 1722
1719511528907 0.9846743295019157 1723
1719511531171 0.9859514687100894 1724
1719511532282 0.9859514687100894 1725
1719511534517 0.9859514687100894 1726
1719511536811 0.9859514687100894 1727
1719511537893 0.9859514687100894 1728
1719511540157 0.9859514687100894 1729
1719511541277 0.9859514687100894 1730
1719511543494 0.9859514687100894 1731
1719511544632 0.9859514687100894 1732
1719511545721 0.9859514687100894 1733
1719511546850 0.9859514687100894 1734
1719511547969 0.9846743295019157 1735
1719511549092 0.9846743295019157 1736
1719511550167 0.9846743295019157 1737
1719511551320 0.9846743295019157 1738
1719511552409 0.9846743295019157 1739
1719511554665 0.9846743295019157 1740
1719511555751 0.9846743295019157 1741
1719511556901 0.9846743295019157 1742
1719511559143 0.9846743295019157 1743
1719511561367 0.9859514687100894 1744
1719511562504 0.9846743295019157 1745
1719511564738 0.9859514687100894 1746
1719511565917 0.9859514687100894 1747
1719511568227 0.9859514687100894 1748
1719511569321 0.9859514687100894 1749
1719511571558 0.9859514687100894 1750
1719511573851 0.9859514687100894 1751
1719511574954 0.9859514687100894 1752
1719511576050 0.9859514687100894 1753
1719511578325 0.9859514687100894 1754
1719511579415 0.9859514687100894 1755
1719511580497 0.9859514687100894 1756
1719511581586 0.9859514687100894 1757
1719511583885 0.9859514687100894 1758
1719511586142 0.9859514687100894 1759
1719511587234 0.9859514687100894 1760
1719511589526 0.9859514687100894 1761
1719511591752 0.9872286079182631 1762
1719511592856 0.9859514687100894 1763
1719511595154 0.9872286079182631 1764
1719511597374 0.9872286079182631 1765
1719511599677 0.9872286079182631 1766
1719511600769 0.9872286079182631 1767
1719511603007 0.9872286079182631 1768
1719511605285 0.9872286079182631 1769
1719511606383 0.9872286079182631 1770
1719511608597 0.9872286079182631 1771
1719511609770 0.9872286079182631 1772
1719511611985 0.9872286079182631 1773
1719511613068 0.9872286079182631 1774
1719511615372 0.9872286079182631 1775
1719511616445 0.9872286079182631 1776
1719511617539 0.9872286079182631 1777
1719511619767 0.9872286079182631 1778
1719511620903 0.9872286079182631 1779
1719511621997 0.9872286079182631 1780
1719511624260 0.9872286079182631 1781
1719511625355 0.9872286079182631 1782
1719511627626 0.9872286079182631 1783
1719511628721 0.9872286079182631 1784
1719511630987 0.9872286079182631 1785
1719511633294 0.9872286079182631 1786
1719511634380 0.9872286079182631 1787
1719511635475 0.9872286079182631 1788
1719511636599 0.9859514687100894 1789
1719511638864 0.9872286079182631 1790
1719511639930 0.9859514687100894 1791
1719511642223 0.9872286079182631 1792
1719511643329 0.9872286079182631 1793
1719511645603 0.9872286079182631 1794
1719511647925 0.9872286079182631 1795
1719511650164 0.9872286079182631 1796
1719511651262 0.9872286079182631 1797
1719511652419 0.9872286079182631 1798
1719511653512 0.9872286079182631 1799
1719511654599 0.9859514687100894 1800
1719511656857 0.9872286079182631 1801
1719511659249 0.9872286079182631 1802
1719511661462 0.9872286079182631 1803
1719511663763 0.9872286079182631 1804
1719511664854 0.9872286079182631 1805
1719511665988 0.9872286079182631 1806
1719511667178 0.9872286079182631 1807
1719511669501 0.9872286079182631 1808
1719511671734 0.9872286079182631 1809
1719511674066 0.9872286079182631 1810
1719511675152 0.9872286079182631 1811
1719511677398 0.9872286079182631 1812
1719511678516 0.9872286079182631 1813
1719511680768 0.9872286079182631 1814
1719511681854 0.9872286079182631 1815
1719511682962 0.9872286079182631 1816
1719511685244 0.9872286079182631 1817
1719511687455 0.9872286079182631 1818
1719511689769 0.9872286079182631 1819
1719511691996 0.9872286079182631 1820
1719511693098 0.9872286079182631 1821
1719511694183 0.9872286079182631 1822
1719511696467 0.9872286079182631 1823
1719511698711 0.9872286079182631 1824
1719511699867 0.9872286079182631 1825
1719511700970 0.9872286079182631 1826
1719511703197 0.9872286079182631 1827
1719511705491 0.9872286079182631 1828
1719511706563 0.9872286079182631 1829
1719511708820 0.9872286079182631 1830
1719511709904 0.9872286079182631 1831
1719511711047 0.9872286079182631 1832
1719511712171 0.9872286079182631 1833
1719511714407 0.9872286079182631 1834
1719511716714 0.9872286079182631 1835
1719511718941 0.9872286079182631 1836
1719511721229 0.9872286079182631 1837
1719511722314 0.9872286079182631 1838
1719511723407 0.9872286079182631 1839
1719511725621 0.9872286079182631 1840
1719511726763 0.9872286079182631 1841
1719511729010 0.9872286079182631 1842
1719511730096 0.9872286079182631 1843
1719511731193 0.9872286079182631 1844
1719511733465 0.9872286079182631 1845
1719511734555 0.9872286079182631 1846
1719511735650 0.9872286079182631 1847
1719511737938 0.9872286079182631 1848
1719511739025 0.9872286079182631 1849
1719511741262 0.9872286079182631 1850
1719511743560 0.9872286079182631 1851
1719511745801 0.9872286079182631 1852
1719511748083 0.9872286079182631 1853
1719511749179 0.9872286079182631 1854
1719511751503 0.9872286079182631 1855
1719511752576 0.9872286079182631 1856
1719511754882 0.9872286079182631 1857
1719511755967 0.9872286079182631 1858
1719511758254 0.9872286079182631 1859
1719511760499 0.9872286079182631 1860
1719511762731 0.9872286079182631 1861
1719511763906 0.9872286079182631 1862
1719511764989 0.9872286079182631 1863
1719511766073 0.9872286079182631 1864
1719511768279 0.9872286079182631 1865
1719511769414 0.9872286079182631 1866
1719511770514 0.9872286079182631 1867
1719511772762 0.9872286079182631 1868
1719511775077 0.9872286079182631 1869
1719511776171 0.9872286079182631 1870
1719511777251 0.9872286079182631 1871
1719511779560 0.9872286079182631 1872
1719511780655 0.9872286079182631 1873
1719511781746 0.9872286079182631 1874
1719511782835 0.9872286079182631 1875
1719511783930 0.9859514687100894 1876
1719511786221 0.9872286079182631 1877
1719511787320 0.9859514687100894 1878
1719511789555 0.9872286079182631 1879
1719511790691 0.9859514687100894 1880
1719511792944 0.9872286079182631 1881
1719511794049 0.9859514687100894 1882
1719511796330 0.9872286079182631 1883
1719511797418 0.9872286079182631 1884
1719511798521 0.9859514687100894 1885
1719511799679 0.9859514687100894 1886
1719511801942 0.9859514687100894 1887
1719511804196 0.9872286079182631 1888
1719511806502 0.9872286079182631 1889
1719511807592 0.9872286079182631 1890
1719511809851 0.9872286079182631 1891
1719511810943 0.9872286079182631 1892
1719511813205 0.9872286079182631 1893
1719511814304 0.9872286079182631 1894
1719511816592 0.9872286079182631 1895
1719511818869 0.9872286079182631 1896
1719511821087 0.9872286079182631 1897
1719511823379 0.9872286079182631 1898
1719511824456 0.9872286079182631 1899
1719511826704 0.9872286079182631 1900
1719511828994 0.9872286079182631 1901
1719511830101 0.9872286079182631 1902
1719511831199 0.9872286079182631 1903
1719511832318 0.9872286079182631 1904
1719511834586 0.9872286079182631 1905
1719511835678 0.9872286079182631 1906
1719511836779 0.9872286079182631 1907
1719511839165 0.9872286079182631 1908
1719511841398 0.9872286079182631 1909
1719511843687 0.9872286079182631 1910
1719511844775 0.9872286079182631 1911
1719511845921 0.9872286079182631 1912
1719511848164 0.9872286079182631 1913
1719511850443 0.9872286079182631 1914
1719511852667 0.9872286079182631 1915
1719511854976 0.9872286079182631 1916
1719511857227 0.9872286079182631 1917
1719511859523 0.9872286079182631 1918
1719511861753 0.9872286079182631 1919
1719511862936 0.9872286079182631 1920
1719511864445 0.9872286079182631 1921
1719511866036 0.9872286079182631 1922
1719511868589 0.9872286079182631 1923
1719511870937 0.9872286079182631 1924
1719511873210 0.9872286079182631 1925
1719511874327 0.9872286079182631 1926
1719511875466 0.9872286079182631 1927
1719511876598 0.9872286079182631 1928
1719511877696 0.9872286079182631 1929
1719511878796 0.9872286079182631 1930
1719511881112 0.9872286079182631 1931
1719511882217 0.9872286079182631 1932
1719511883320 0.9872286079182631 1933
1719511884415 0.9859514687100894 1934
1719511885558 0.9859514687100894 1935
1719511886699 0.9859514687100894 1936
1719511888965 0.9859514687100894 1937
1719511891273 0.9872286079182631 1938
1719511893566 0.9872286079182631 1939
1719511895829 0.9872286079182631 1940
1719511898132 0.9872286079182631 1941
1719511900381 0.9872286079182631 1942
1719511902694 0.9872286079182631 1943
1719511904959 0.9872286079182631 1944
1719511906070 0.9872286079182631 1945
1719511907243 0.9872286079182631 1946
1719511909524 0.9872286079182631 1947
1719511911757 0.9872286079182631 1948
1719511912913 0.9872286079182631 1949
1719511914039 0.9872286079182631 1950
1719511916285 0.9872286079182631 1951
1719511917430 0.9872286079182631 1952
1719511919678 0.9872286079182631 1953
1719511921962 0.9872286079182631 1954
1719511923151 0.9872286079182631 1955
1719511925410 0.9872286079182631 1956
1719511927690 0.9872286079182631 1957
1719511930013 0.9872286079182631 1958
1719511931128 0.9872286079182631 1959
1719511933430 0.9872286079182631 1960
1719511935676 0.9872286079182631 1961
1719511937948 0.9872286079182631 1962
1719511939173 0.9872286079182631 1963
1719511940265 0.9872286079182631 1964
1719511942546 0.9872286079182631 1965
1719511943658 0.9872286079182631 1966
1719511944824 0.9872286079182631 1967
1719511945933 0.9872286079182631 1968
1719511947024 0.9872286079182631 1969
1719511949401 0.9872286079182631 1970
1719511951572 0.9872286079182631 1971
1719511953820 0.9872286079182631 1972
1719511954979 0.9872286079182631 1973
1719511956083 0.9872286079182631 1974
1719511958421 0.9872286079182631 1975
1719511960782 0.9872286079182631 1976
1719511963013 0.9872286079182631 1977
1719511965325 0.9872286079182631 1978
1719511967598 0.9872286079182631 1979
1719511968705 0.9872286079182631 1980
1719511969865 0.9872286079182631 1981
1719511972155 0.9872286079182631 1982
1719511974456 0.9872286079182631 1983
1719511975561 0.9872286079182631 1984
1719511978127 0.9872286079182631 1985
1719511980644 0.9872286079182631 1986
1719511983169 0.9872286079182631 1987
1719511984390 0.9872286079182631 1988
1719511986899 0.9872286079182631 1989
1719511988228 0.9872286079182631 1990
1719511989431 0.9872286079182631 1991
1719511992099 0.9872286079182631 1992
1719511993393 0.9872286079182631 1993
1719511996109 0.9872286079182631 1994
1719511998695 0.9872286079182631 1995
1719512000028 0.9872286079182631 1996
1719512002542 0.9872286079182631 1997
1719512005044 0.9872286079182631 1998
1719512007521 0.9872286079182631 1999
1719512009978 0.9872286079182631 2000
