1719508587879 0.5862258948290195 0
1719508589917 0.5029323126436172 1
1719508590910 0.872326542615381 2
1719508593036 0.3883133535969875 3
1719508595095 0.42151983888644695 4
1719508597236 0.4378140412358583 5
1719508599292 0.44722669057918185 6
1719508601340 0.45448639392992085 7
1719508603634 0.4595614404658365 8
1719508605696 0.46388471218793154 9
1719508607853 0.4668624674743161 10
1719508608866 0.2885738106715119 11
1719508609907 0.3114520715565508 12
1719508610919 0.3247950313787939 13
1719508611926 0.3381863757271447 14
1719508613015 0.3506380981998518 15
1719508615113 0.11018721520568395 16
1719508616197 0.17244482735016695 17
1719508618347 0.08030007068071769 18
1719508620468 0.10125702258913866 19
1719508622602 0.11602695490622646 20
1719508624731 0.1276567296448868 21
1719508626818 0.13669439307518472 22
1719508628967 0.14469540310684298 23
1719508629967 0.12328887012793133 24
1719508630960 0.15205459786344191 25
1719508633051 0.057178665233853586 26
1719508634092 0.07877254136713643 27
1719508636202 0.04050933460965673 28
1719508638287 0.05295170695445317 29
1719508640439 0.06195036006350624 30
1719508641471 0.05946959994542293 31
1719508643577 0.03217578235974846 32
1719508644646 0.04232861712285413 33
1719508645692 0.06116252614217054 34
1719508646704 0.07384567039446113 35
1719508648775 0.026849693823187876 36
1719508649788 0.030407633156561427 37
1719508651941 0.02073748598500099 38
1719508654020 0.026794692462060947 39
1719508655014 0.02449179193851713 40
1719508657154 0.01751777715576787 41
1719508658170 0.01940989212638452 42
1719508659172 0.02944054887409901 43
1719508660238 0.03743575691288033 44
1719508662372 0.01551696281644076 45
1719508664407 0.02015952885827014 46
1719508665419 0.014938167293116244 47
1719508666539 0.022795185803820808 48
1719508667557 0.029409464966402784 49
1719508668562 0.03492411007973093 50
1719508669564 0.039549223937613606 51
1719508670718 0.04347329943586498 52
1719508671803 0.04683185163846177 53
1719508674080 0.012697141864919104 54
1719508676129 0.01625487916528508 55
1719508678299 0.019119353561420104 56
1719508680473 0.02163992434168935 57
1719508681491 0.010838254591704816 58
1719508682625 0.016513514731158443 59
1719508684736 0.009483919206042286 60
1719508685786 0.008638578777822852 61
1719508686842 0.012847336073229179 62
1719508687949 0.016770694942141954 63
1719508690092 0.008187344148143146 64
1719508692273 0.01054838745487639 65
1719508694516 0.012494592526348 66
1719508695635 0.0069727992443551915 67
1719508696791 0.010322666674395665 68
1719508698976 0.006754246351752395 69
1719508700009 0.006008871437382982 70
1719508701007 0.008611506337084027 71
1719508702015 0.011157655580709072 72
1719508704256 0.005963839656686058 73
1719508705279 0.005258581018384793 74
1719508707602 0.005310896890190416 75
1719508709948 0.006575855260184925 76
1719508711103 0.004604542231266576 77
1719508713291 0.004843390299418731 78
1719508715969 0.006017773776199111 79
1719508717076 0.004154524650270742 80
1719508718181 0.005727902989964892 81
1719508720820 0.004321338930075842 82
1719508723563 0.005423584088355275 83
1719508725095 0.003681228277979928 84
1719508728312 0.0039602215914099235 85
1719508729815 0.0034865872084914856 86
1719508731061 0.0046092680745965075 87
1719508732249 0.005821344022494571 88
1719508733435 0.007017409539865837 89
1719508734750 0.00816325147838158 90
1719508737095 0.0036062327326829126 91
1719508739911 0.004444737035159144 92
1719508742724 0.005167614459361742 93
1719508743936 0.002943329519758142 94
1719508746110 0.0032520066022884864 95
1719508748239 0.00394959543853039 96
1719508749299 0.002737700513814791 97
1719508751484 0.0030262005270781387 98
1719508753630 0.0036576663921092157 99
1719508754670 0.0025498492448714077 100
1719508755772 0.003195675588700459 101
1719508756900 0.003966603684929373 102
1719508758005 0.0047568041257977905 103
1719508760165 0.002681698485324358 104
1719508762355 0.003256128611268588 105
1719508764549 0.0037527647377401004 106
1719508766678 0.00420964475234409 107
1719508767843 0.002232264522010357 108
1719508769916 0.002522399049006257 109
1719508770947 0.002182859255229302 110
1719508771981 0.0026474217347718394 111
1719508774187 0.0022900973489856534 112
1719508776304 0.0027418015403945437 113
1719508778459 0.003133433465810747 114
1719508779486 0.001970835738225455 115
1719508780510 0.0023338461583974008 116
1719508782600 0.0021107967403288493 117
1719508784777 0.002515210103543085 118
1719508786867 0.002859923483904426 119
1719508787918 0.001824311878322972 120
1719508789130 0.002123971172940766 121
1719508791214 0.0019506522712384677 122
1719508793321 0.0023085662243176605 123
1719508794443 0.00172727510095069 124
1719508795487 0.001992055003674433 125
1719508797574 0.001830228630425177 126
1719508799715 0.0021403465755214803 127
1719508800760 0.0016349209965218871 128
1719508802928 0.001805384956902795 129
1719508803969 0.0016070088518335202 130
1719508805063 0.0018307469794634902 131
1719508806119 0.002127068960230373 132
1719508808284 0.001651519606856997 133
1719508809363 0.0015871463518932513 134
1719508810469 0.0018046975940542791 135
1719508812612 0.0015981884358692556 136
1719508814879 0.0018128619175723332 137
1719508815967 0.00145740672958818 138
1719508818148 0.0015878705004132257 139
1719508820351 0.0017934740348147557 140
1719508822491 0.001971306919259428 141
1719508824649 0.0021388481567804324 142
1719508825755 0.001364552990342682 143
1719508826785 0.0014720650590858825 144
1719508828872 0.0014427275884652492 145
1719508829882 0.0013474614977537238 146
1719508830990 0.0014953205157395971 147
1719508833091 0.001381896670607556 148
1719508834120 0.0013221793344791487 149
1719508835143 0.001462705734629086 150
1719508837282 0.00134048221059499 151
1719508838293 0.0012910604583596115 152
1719508839340 0.0014214314095679428 153
1719508840437 0.001593139849676993 154
1719508841555 0.0017828688444899302 155
1719508842584 0.0019811128790584356 156
1719508844684 0.0012896670931905436 157
1719508846837 0.001412545488569271 158
1719508848897 0.0015530428600036858 159
1719508850954 0.0016861981117378888 160
1719508853099 0.0018151658141738526 161
1719508854109 0.0011512664244418195 162
1719508855151 0.0011980249616818062 163
1719508856165 0.0013244470582920366 164
1719508858294 0.0011774647040370977 165
1719508860428 0.0013139691301016412 166
1719508862576 0.0014468481722593796 167
1719508864650 0.0015668084015759765 168
1719508866722 0.0016799312896485692 169
1719508867743 0.0010791073104999855 170
1719508869856 0.001204161391793356 171
1719508871949 0.0013449989943284083 172
1719508872970 0.0010445007101380671 173
1719508875098 0.0011510304961252858 174
1719508877211 0.001281222677323221 175
1719508879468 0.001397033273262314 176
1719508881564 0.001500601238868147 177
1719508883666 0.0015963006777095653 178
1719508885785 0.0016887978524683937 179
1719508887871 0.0017809293116302937 180
1719508888895 0.0010117273048028718 181
1719508891016 0.0011373265971460801 182
1719508893099 0.0012740424887509954 183
1719508895237 0.0013926780415219667 184
1719508896234 0.0009659389089727048 185
1719508897244 0.0009734933697302009 186
1719508899300 0.0009939326923502558 187
1719508901449 0.0011109576355563002 188
1719508903544 0.0012236730931013322 189
1719508904564 0.0009187824623320642 190
1719508905646 0.0009346985746241965 191
1719508907754 0.0009477881360239696 192
1719508908778 0.0008990158442110963 193
1719508911099 0.000942331719690053 194
1719508912342 0.0008835450713245064 195
1719508914741 0.0009291309485546601 196
1719508917058 0.0010178056704483961 197
1719508918130 0.0008599286692647455 198
1719508919219 0.0008822238065772386 199
1719508921622 0.0008846235193589712 200
1719508922751 0.0008497182772856847 201
1719508923889 0.000894649461436055 202
1719508925054 0.0009648562555202472 203
1719508926165 0.0010475029954428994 204
1719508928455 0.0008526776871563054 205
1719508930705 0.0009072421427386622 206
1719508931948 0.0008194055015640819 207
1719508934302 0.0008584292422516523 208
1719508936547 0.0009250767734556575 209
1719508938987 0.0009905470152129694 210
1719508940153 0.0007957935635919352 211
1719508941300 0.0007972591768940709 212
1719508943684 0.0008141796658733217 213
1719508945990 0.0008822488770746508 214
1719508948170 0.0009500540552166929 215
1719508949261 0.0007701783595535728 216
1719508950291 0.0007700572414717335 217
1719508951329 0.0008103479829157402 218
1719508952447 0.0008686488493592936 219
1719508953577 0.0009365490673772934 220
1719508955703 0.0007672235903408006 221
1719508956736 0.0007713876354469733 222
1719508957856 0.0008153601698202102 223
1719508960164 0.0007562568153556422 224
1719508962464 0.0007997244954736728 225
1719508964821 0.000853698013764724 226
1719508966991 0.0009061250250805386 227
1719508968019 0.0007236210869069688 228
1719508969109 0.0007171323366950923 229
1719508971200 0.0007355929579973282 230
1719508973294 0.0007901261580480065 231
1719508975505 0.0008444000944723679 232
1719508976529 0.00070095184762075 233
1719508978609 0.0007501533179578489 234
1719508979710 0.0006853518437574711 235
1719508981800 0.0007248288188359446 236
1719508982860 0.0006770599297190987 237
1719508985026 0.0007107549108540352 238
1719508987218 0.0007605092491000202 239
1719508990057 0.0008090601281454037 240
1719508991331 0.0006713045858709342 241
1719508993758 0.0007176831345804335 242
1719508995883 0.000654618323804041 243
1719508998149 0.0006924795644121114 244
1719509000549 0.000740857723778981 245
1719509002767 0.0007874942436528649 246
1719509003815 0.000651185639883954 247
1719509006414 0.0006962858463137107 248
1719509008745 0.0007445214661612016 249
1719509009779 0.000637418912233404 250
1719509012131 0.0006800293789750806 251
1719509013211 0.0006228485681198917 252
1719509015358 0.0006579320623065861 253
1719509016717 0.0006151734353721606 254
1719509017763 0.0006222438005002354 255
1719509018796 0.0006478360983315243 256
1719509019811 0.000683233670467113 257
1719509020880 0.0007246195583965711 258
1719509022141 0.0007697262323169999 259
1719509025721 0.0006219994528629853 260
1719509026908 0.0006303684489676715 261
1719509028288 0.0006597713723539738 262
1719509029419 0.0006958163523146746 263
1719509030542 0.0007358580613336561 264
1719509031632 0.0007785501347359222 265
1719509033173 0.000822884756836664 266
1719509034267 0.0008683003975226097 267
1719509035484 0.0009144031457455842 268
1719509038180 0.0006323676171889066 269
1719509040436 0.0006238013636545327 270
1719509041648 0.0005990773028370157 271
1719509044865 0.0006019739890440629 272
1719509047658 0.0006264164297788692 273
1719509050209 0.0006548697264966344 274
1719509051227 0.0005770898128619778 275
1719509052516 0.00057023823176437 276
1719509053692 0.0005846601433575447 277
1719509055023 0.0006095360571572768 278
1719509056117 0.0006404354662391465 279
1719509057197 0.0006754249243968866 280
1719509059572 0.000574213830707147 281
1719509061955 0.000584139437332618 282
1719509064213 0.0006111668184876491 283
1719509065530 0.0005537260176074946 284
1719509067752 0.0005746240539003774 285
1719509070376 0.00060180502100593 286
1719509071694 0.0005456600215030705 287
1719509073902 0.0005706582671558489 288
1719509076468 0.0005994573518411273 289
1719509078784 0.0006269384369137012 290
1719509081141 0.000652948730555733 291
1719509082416 0.000544606682141475 292
1719509084595 0.000575682697271831 293
1719509085674 0.0005252491967781741 294
1719509088202 0.0005521696941313999 295
1719509089296 0.0005172509144451909 296
1719509090354 0.0005162003683497646 297
1719509091578 0.0005290953628306083 298
1719509092799 0.00054969592767528 299
1719509095010 0.0005162497280964137 300
1719509097537 0.0005333185179038899 301
1719509099804 0.0005596984190358651 302
1719509102197 0.0005869653719276582 303
1719509104653 0.0006133424654028483 304
1719509105758 0.0005124177531599391 305
1719509108121 0.0005388972536513751 306
1719509109364 0.0004965662454014041 307
1719509111902 0.0005199771766452364 308
1719509114306 0.0005467792830772967 309
1719509116610 0.0005729298941041167 310
1719509117802 0.000497779977540942 311
1719509119081 0.00048203971054384514 312
1719509120278 0.000485631545927359 313
1719509121313 0.0004991122330283492 314
1719509122399 0.0005184464391926372 315
1719509123619 0.0005416406514428734 316
1719509126040 0.00048382352877866715 317
1719509128312 0.0004928014350045689 318
1719509129451 0.0004736780344178714 319
1719509130673 0.0004797070779053077 320
1719509131796 0.0004937438932671269 321
1719509132889 0.0005123555371362746 322
1719509135186 0.0004751447242721726 323
1719509136441 0.0004775911856762459 324
1719509138555 0.00047201330806421896 325
1719509140784 0.0004862967267112036 326
1719509143203 0.0005052907107609725 327
1719509144292 0.00046277574908819015 328
1719509145510 0.00045711651381306857 329
1719509146834 0.00046372280414879764 330
1719509149189 0.0004590240213217793 331
1719509151553 0.00047432012580336444 332
1719509153883 0.0004936670206663823 333
1719509156226 0.000513321056212232 334
1719509157516 0.0004547218596272638 335
1719509159834 0.0004737211470300335 336
1719509162408 0.0004940221429898464 337
1719509164840 0.0005133304827594634 338
1719509167300 0.0005314984593135308 339
1719509168554 0.0004550732357129008 340
1719509169590 0.0004346156821199664 341
1719509170665 0.00043251660943294864 342
1719509172977 0.0004384766446581389 343
1719509174218 0.00042766990155254246 344
1719509175282 0.00043131191712660424 345
1719509176414 0.00044148267032600666 346
1719509178840 0.000429251990984388 347
1719509181024 0.0004412118629284706 348
1719509182276 0.0004228820043610742 349
1719509184782 0.00043357871736316936 350
1719509185904 0.00041975976818453363 351
1719509186935 0.00042094746139747824 352
1719509188048 0.0004291551782311854 353
1719509189137 0.00044153967305024923 354
1719509191769 0.00042028229937487695 355
1719509194268 0.00042783452711688355 356
1719509195449 0.0004137533207256669 357
1719509196513 0.00041650279189152335 358
1719509198854 0.00041572195658205665 359
1719509201174 0.0004274762103390318 360
1719509202275 0.00040862318053799926 361
1719509203481 0.0004078327240436049 362
1719509205723 0.00041102854288316233 363
1719509206743 0.0004039415885192564 364
1719509208932 0.00041026502303132933 365
1719509211251 0.00042330549198261433 366
1719509212386 0.0004013545643767087 367
1719509213475 0.00039814469165772357 368
1719509215738 0.0004034869170470465 369
1719509218141 0.0004164013774060682 370
1719509219435 0.0003955383474651451 371
1719509221866 0.00040680783986978437 372
1719509224184 0.0004208913732498362 373
1719509226574 0.0004354279628045271 374
1719509227962 0.00039680749579898303 375
1719509230295 0.00041119523980419646 376
1719509231323 0.000387949581941457 377
1719509233522 0.00040129830486899335 378
1719509234535 0.000383176167512526 379
1719509235637 0.0003796366090838037 380
1719509237983 0.0003860575198682182 381
1719509239105 0.00037760009770000837 382
1719509241515 0.0003854727569421065 383
1719509242602 0.0003757196093122022 384
1719509243794 0.000376422469416011 385
1719509246161 0.00037841095235323423 386
1719509248466 0.00038925471124216565 387
1719509250795 0.00040247391212750133 388
1719509253228 0.000416111607567737 389
1719509255872 0.0004294911315448702 390
1719509257022 0.0003809502764516166 391
1719509258073 0.00036721285169328947 392
1719509259216 0.0003645884744634177 393
1719509260421 0.0003680929231628926 394
1719509262752 0.0003657318626700054 395
1719509263854 0.0003618882207199496 396
1719509266196 0.00036602034392244526 397
1719509267377 0.0003597284738729146 398
1719509269754 0.00036562281849957147 399
1719509272253 0.0003765835559236691 400
1719509274614 0.00038885407436795597 401
1719509275884 0.00036149755970445066 402
1719509278120 0.0003727071932527719 403
1719509280276 0.00038509352292589744 404
1719509282759 0.00039735327383423125 405
1719509285107 0.00040924711447976145 406
1719509286301 0.0003654354238344831 407
1719509287491 0.0003504536246084218 408
1719509289821 0.0003611064759089793 409
1719509292216 0.0003742002560980665 410
1719509293344 0.0003502046299371435 411
1719509295522 0.00036207643560156325 412
1719509297813 0.00037493660708593944 413
1719509300134 0.0003875664339313174 414
1719509301279 0.000352600171628478 415
1719509303686 0.0003652305112345313 416
1719509306034 0.00037817250081466656 417
1719509307116 0.0003477078839925805 418
1719509309573 0.0003602771399259953 419
1719509310664 0.000339953369827262 420
1719509312903 0.00035154953629082744 421
1719509314165 0.00033546127036791784 422
1719509315344 0.00033076489248781157 423
1719509318101 0.0003374131508686861 424
1719509320612 0.0003482706990498783 425
1719509322964 0.0003603075169353477 426
1719509326253 0.0003722831983838823 427
1719509328608 0.0003838759196076695 428
1719509329840 0.00034186556273493613 429
1719509332192 0.00035373947780227224 430
1719509333220 0.0003313620643419774 431
1719509335792 0.0003428013856457768 432
1719509338105 0.0003548613377678809 433
1719509340488 0.00036659092494220304 434
1719509342739 0.00037787386388203246 435
1719509343970 0.000337403860311318 436
1719509345091 0.000322346878074974 437
1719509347530 0.00033249369985980564 438
1719509349817 0.00034440826328867313 439
1719509352228 0.00035637248672473163 440
1719509354329 0.00036786010572537384 441
1719509355432 0.0003301521506284935 442
1719509356718 0.0003163185374044269 443
1719509357907 0.0003114623754976119 444
1719509360130 0.0003174956806245833 445
1719509362480 0.0003277783559213307 446
1719509364854 0.00033917994150774926 447
1719509367062 0.0003504295150825285 448
1719509369405 0.00036137093378877186 449
1719509370406 0.00032283194115023385 450
1719509372484 0.00033386422449489654 451
1719509375131 0.00034501726772915333 452
1719509376156 0.00031693287837211584 453
1719509377150 0.0003055497633589315 454
1719509378394 0.0003017243622171242 455
1719509379470 0.00030242616056943335 456
1719509381509 0.00030324512255851407 457
1719509382485 0.00029943023234592017 458
1719509383743 0.00030107148715894885 459
1719509384909 0.00030521967750747793 460
1719509387040 0.0003000790291608633 461
1719509389408 0.00030469231217400514 462
1719509391501 0.0003129889871256365 463
1719509392487 0.00029819160993953183 464
1719509393475 0.0002952897346162938 465
1719509394673 0.0002963574515363759 466
1719509396775 0.0002964768064471056 467
1719509397797 0.0002936817873969397 468
1719509398823 0.00029561966581478086 469
1719509401106 0.00029443928023435245 470
1719509402099 0.0002925015997005984 471
1719509404186 0.0002941898546889875 472
1719509406447 0.00030033923239529046 473
1719509407452 0.00029089908936186525 474
1719509408434 0.00028924708835394343 475
1719509410819 0.00029190455781186506 476
1719509413071 0.0002983579318232352 477
1719509415194 0.00030618329271660477 478
1719509416448 0.000290320875792609 479
1719509418639 0.00029730317352358624 480
1719509420800 0.00030523981187883706 481
1719509422031 0.00028923337969091436 482
1719509424260 0.0002967400180014166 483
1719509425400 0.00028517614327452803 484
1719509427754 0.00029232249842133233 485
1719509429929 0.00030036462807301077 486
1719509430990 0.0002850286695880081 487
1719509432462 0.0002792954719649822 488
1719509433908 0.00027798264362352196 489
1719509436811 0.00028073472500613535 490
1719509439085 0.0002873018339058921 491
1719509441358 0.00029510843742231466 492
1719509442392 0.0002799169258507282 493
1719509443485 0.0002751096326275542 494
1719509445887 0.00028008537966386037 495
1719509448226 0.00028720678637987905 496
1719509449381 0.000275787561148578 497
1719509451937 0.00028231523615762167 498
1719509453004 0.0002734675017388956 499
1719509454186 0.00027062491671243997 500
1719509455272 0.0002708852324793462 501
1719509457775 0.0002718811833315896 502
1719509458925 0.00026915428290918405 503
1719509460058 0.0002702710043890836 504
1719509462568 0.0002700706788130283 505
1719509463703 0.00026816278090177354 506
1719509466003 0.000269929116043347 507
1719509468481 0.0002751221277428632 508
1719509469610 0.00026728172815540497 509
1719509470698 0.0002656700424308721 510
1719509473222 0.0002681374329336578 511
1719509474493 0.0002644788685710153 512
1719509476851 0.00026776054797027557 513
1719509479301 0.00027329710474855074 514
1719509480459 0.00026453232109726477 515
1719509482830 0.0002695780979993443 516
1719509485419 0.0002757331482998935 517
1719509487653 0.0002822899864353391 518
1719509490224 0.00028879930937558744 519
1719509491501 0.00026917932249640825 520
1719509493732 0.0002756992666868 521
1719509496287 0.0002826254045930132 522
1719509497369 0.00026600322822699894 523
1719509498417 0.000258590311670334 524
1719509499686 0.0002555785478857343 525
1719509501886 0.0002593265945218955 526
1719509502904 0.00025448451918773336 527
1719509505134 0.0002588730525643706 528
1719509506173 0.00025371629301078536 529
1719509507245 0.00025271046425707464 530
1719509508263 0.0002537734320844137 531
1719509509278 0.00025637399175756844 532
1719509511545 0.0002531579702976253 533
1719509513654 0.0002558395679591188 534
1719509514656 0.000251039223126799 535
1719509515801 0.0002511422148840071 536
1719509517976 0.000251880185091161 537
1719509520094 0.0002559596900461198 538
1719509521389 0.00024981503328097804 539
1719509522591 0.0002486894095765711 540
1719509524937 0.00025055301960251236 541
1719509527273 0.00025503060057153017 542
1719509528465 0.00024825525060494436 543
1719509530749 0.0002523458155081197 544
1719509533381 0.00025755782048282784 545
1719509535703 0.0002632068235208443 546
1719509536715 0.0002504021660296274 547
1719509537748 0.0002452570669220222 548
1719509540149 0.00024949806205259095 549
1719509542522 0.0002549795369487451 550
1719509544824 0.0002608261051443703 551
1719509547210 0.00026665758406109404 552
1719509548344 0.00025014922273463046 553
1719509550825 0.000255863707685872 554
1719509552008 0.0002452253768432977 555
1719509553139 0.0002402569117802913 556
1719509554294 0.00023839341536733985 557
1719509556863 0.00024122385854721698 558
1719509557883 0.00023758208890985072 559
1719509560036 0.000241053645488572 560
1719509562315 0.0002460920739853712 561
1719509563366 0.00023844313012883256 562
1719509565711 0.00024305474030720338 563
1719509566930 0.00023696628433003946 564
1719509568057 0.0002347735984941233 565
1719509570428 0.0002377411208388553 566
1719509571558 0.0002340919593095358 567
1719509572843 0.0002335549461048507 568
1719509573999 0.00023458695308942653 569
1719509576389 0.00023406292207430222 570
1719509577624 0.00023281841040015855 571
1719509579850 0.00023393435810703522 572
1719509582191 0.00023753357794330208 573
1719509584565 0.00024216064635808842 574
1719509585634 0.00023345236097631065 575
1719509587884 0.00023756357417948268 576
1719509589072 0.00023161205720684965 577
1719509590154 0.00022935594104455181 578
1719509592624 0.00023208683199447836 579
1719509595021 0.00023638763646054457 580
1719509596124 0.00022976901052477173 581
1719509598455 0.00023374319009515323 582
1719509600847 0.00023839123229632434 583
1719509603211 0.00024332390054278844 584
1719509605640 0.00024821555650789427 585
1719509607965 0.00025305797774592036 586
1719509609109 0.00023610596167746058 587
1719509611498 0.00024111601017963956 588
1719509612665 0.00023051026345296838 589
1719509615024 0.00023564061351382607 590
1719509616277 0.00022711942783760792 591
1719509617392 0.00022301129518821568 592
1719509619792 0.00022704419500042472 593
1719509621083 0.00022216078167260007 594
1719509623421 0.00022615855077791098 595
1719509624477 0.000221368350733226 596
1719509625537 0.00021971520657694378 597
1719509628110 0.00022226898775046814 598
1719509629403 0.0002192070840554416 599
1719509630486 0.00021875960511219729 600
1719509631815 0.00021961038834449113 601
1719509633014 0.00022142746021352214 602
1719509635329 0.00021911739042545969 603
1719509636529 0.0002187452116268649 604
1719509637858 0.0002203310916820167 605
1719509638964 0.00022269013158375645 606
1719509641295 0.00021877047431430544 607
1719509642371 0.0002189639852117463 608
1719509644935 0.00021779685515610207 609
1719509646024 0.00021710874247390198 610
1719509647268 0.00021834455837786384 611
1719509648499 0.00022041663580460945 612
1719509650881 0.00021710633029087124 613
1719509651976 0.00021718347237994874 614
1719509654488 0.00021623563970525796 615
1719509655661 0.0002154767319574152 616
1719509658238 0.00021576974512867248 617
1719509659536 0.00021434953402067782 618
1719509662020 0.00021538802812682482 619
1719509663156 0.0002134817047209432 620
1719509665526 0.00021497158234088935 621
1719509667786 0.0002178591490844008 622
1719509668872 0.0002131184099968008 623
1719509671263 0.00021581248685210178 624
1719509673530 0.0002192624956167601 625
1719509674651 0.000213076346530017 626
1719509675916 0.00021052134465087438 627
1719509677118 0.00020972919009780634 628
1719509678259 0.00021015956765281732 629
1719509679318 0.00021151837594784293 630
1719509680528 0.00021357947811723605 631
1719509682896 0.00020979810156299768 632
1719509683980 0.00020987627402309255 633
1719509686447 0.0002090292195198811 634
1719509688710 0.0002107518572101903 635
1719509690859 0.00021365844035590583 636
1719509692059 0.00020813765078183392 637
1719509693149 0.0002067034428030164 638
1719509695360 0.00020829789608025484 639
1719509696403 0.00020591965790214852 640
1719509698929 0.00020788346351185508 641
1719509700049 0.0002052641191263848 642
1719509702376 0.00020738319067248038 643
1719509704760 0.00021041047418981552 644
1719509706987 0.00021388303125497696 645
1719509709498 0.0002174842339927753 646
1719509710572 0.00020819650068641492 647
1719509713010 0.0002115989067053508 648
1719509714162 0.00020538762173620277 649
1719509715305 0.00020225977638663872 650
1719509716424 0.00020092764822751805 651
1719509719068 0.00020273418840782758 652
1719509720170 0.000200282984739995 653
1719509721241 0.00019981088630085386 654
1719509723591 0.00020099778675798877 655
1719509726197 0.00020368496397125447 656
1719509727420 0.0001997409281510698 657
1719509728496 0.00019865316667320204 658
1719509729791 0.00019870875225894692 659
1719509732204 0.00019914854333918786 660
1719509734553 0.00020144693354933013 661
1719509737035 0.00020454072135299013 662
1719509739418 0.00020797167905504824 663
1719509740781 0.0002002046831574021 664
1719509741985 0.00019731745131345175 665
1719509744331 0.00019976420017469418 666
1719509745763 0.00019643030556182613 667
1719509748137 0.00019904643556224578 668
1719509750513 0.0002022474276018368 669
1719509753024 0.00020570930810237816 670
1719509755416 0.0002092064867180588 671
1719509757724 0.00021271025624216243 672
1719509758792 0.0002016042669994084 673
1719509759851 0.00019637206507699622 674
1719509761065 0.0001935222369717429 675
1719509763935 0.0001960407637874145 676
1719509765074 0.0001925590978694889 677
1719509766201 0.00019115966652137096 678
1719509767365 0.00019088530305493687 679
1719509769836 0.00019185949530897505 680
1719509770947 0.00019032112521699673 681
1719509772314 0.00019040449738267698 682
1719509774663 0.0001909225992682341 683
1719509777310 0.00019308626721608444 684
1719509779688 0.00019604319136869579 685
1719509781948 0.00019930810261139102 686
1719509784459 0.00020268297700284197 687
1719509786707 0.00020609857903296 688
1719509788017 0.00019508701050821182 689
1719509789206 0.00019060259640541635 690
1719509790360 0.0001881867206075807 691
1719509791459 0.0001871253034196382 692
1719509792627 0.00018705322207342062 693
1719509795106 0.00018731064096803873 694
1719509797500 0.00018962349320598802 695
1719509798770 0.00018634304118294548 696
1719509800003 0.00018549739975368438 697
1719509802396 0.0001869033515841444 698
1719509803924 0.00018509435422705187 699
1719509806503 0.00018680964824951819 700
1719509807625 0.00018475484162771452 701
1719509810141 0.00018660664768775992 702
1719509811196 0.00018436707032223293 703
1719509812378 0.00018374845350269665 704
1719509814848 0.00018487288705215085 705
1719509817167 0.0001871425378360469 706
1719509818175 0.00018382099273577085 707
1719509820521 0.00018594650886026825 708
1719509822595 0.00018861431366731346 709
1719509823611 0.0001842082650498022 710
1719509824619 0.00018228822859277393 711
1719509826955 0.00018421094666237902 712
1719509829312 0.0001868558555233165 713
1719509830446 0.00018268857202327935 714
1719509831698 0.00018093314432826056 715
1719509833869 0.00018281619950542328 716
1719509835028 0.00018042753491552224 717
1719509837246 0.00018246373678544437 718
1719509838268 0.00017997061508981654 719
1719509840778 0.0001820283335716231 720
1719509841920 0.00017951444212104613 721
1719509844242 0.00018157672959232435 722
1719509845469 0.00017901294986644737 723
1719509846635 0.00017803563802663432 724
1719509849196 0.00017943053077804772 725
1719509850420 0.00017763639979300497 726
1719509851503 0.00017725403285468044 727
1719509853928 0.00017813758980045715 728
1719509855005 0.00017681486577136957 729
1719509857543 0.00017805512527745208 730
1719509859798 0.0001801315461248939 731
1719509861060 0.00017700660045383667 732
1719509862171 0.00017593422052186725 733
1719509864449 0.00017726653946159102 734
1719509867112 0.00017941228574200923 735
1719509869480 0.00018193362720523478 736
1719509871745 0.0001846299507864636 737
1719509874082 0.00018736277560731486 738
1719509875194 0.00017956770024474646 739
1719509876307 0.00017607224811236403 740
1719509878883 0.0001783661091146827 741
1719509879952 0.00017484478156070004 742
1719509881101 0.00017308441569763774 743
1719509883583 0.00017502018398137155 744
1719509885935 0.00017751719169813767 745
1719509887025 0.00017366173006182266 746
1719509889480 0.0001760261222038468 747
1719509891801 0.00017866829822219771 748
1719509894375 0.00018141444968235106 749
1719509896769 0.00018417233919043976 750
1719509897838 0.0001767696086586379 751
1719509900360 0.0001794327652287121 752
1719509901426 0.00017428718571065288 753
1719509903653 0.00017700312598488101 754
1719509904829 0.00017257653936644018 755
1719509907160 0.00017525744409888433 756
1719509908208 0.00017128224960966443 757
1719509910571 0.00017390107772134175 758
1719509911737 0.00017027031667392014 759
1719509914480 0.00017280272271542874 760
1719509915602 0.00016943501542838823 761
1719509916782 0.00016769545202467457 762
1719509917942 0.00016687372251560664 763
1719509919000 0.0001667547819530756 764
1719509921414 0.00016731233839508658 765
1719509922564 0.00016621993224777965 766
1719509925454 0.00016737308058841687 767
1719509928505 0.00016934354533419598 768
1719509931189 0.00017173034360744595 769
1719509934183 0.00017429539042608606 770
1719509935456 0.00016864613693645195 771
1719509938030 0.000170961556966534 772
1719509940302 0.00017349492253855654 773
1719509941354 0.00016857190405759952 774
1719509942796 0.00016593050825549732 775
1719509945864 0.00016805030694989458 776
1719509946907 0.00016515248022823213 777
1719509948015 0.00016371841574260916 778
1719509950230 0.0001654270508622067 779
1719509952415 0.00016769743128045378 780
1719509953552 0.00016434031479054524 781
1719509955766 0.00016647652246786328 782
1719509957972 0.00016886727746429027 783
1719509960227 0.00017137389245003488 784
1719509962369 0.00017389303033731764 785
1719509964569 0.00017640806114426456 786
1719509965656 0.0001686468867623627 787
1719509967848 0.00017110278949684292 788
1719509970065 0.00017368701778951797 789
1719509971119 0.00016735182674859677 790
1719509973251 0.0001699257379578335 791
1719509974300 0.00016491513559572984 792
1719509976515 0.00016751814502638683 793
1719509978663 0.00017021314506399337 794
1719509979703 0.00016463990867193317 795
1719509980809 0.00016145880315133402 796
1719509981884 0.00015947528325042131 797
1719509982967 0.0001583902356440135 798
1719509985236 0.00015977884854925296 799
1719509987466 0.00016202311914064485 800
1719509989713 0.00016454861513582914 801
1719509992178 0.00016716598235026473 802
1719509994748 0.00016978396033460414 803
1719509996077 0.00016274905248809984 804
1719509997169 0.0001595669812692329 805
1719509998281 0.00015760711428900587 806
1719509999375 0.00015652247203641885 807
1719510001663 0.00015780467882182283 808
1719510002805 0.00015604377370370776 809
1719510005084 0.00015772839976791193 810
1719510007353 0.0001598925250492458 811
1719510009536 0.0001622805119650249 812
1719510010641 0.00015793053813792393 813
1719510011726 0.00015594558853271703 814
1719510012829 0.0001548441396551456 815
1719510014949 0.00015620876072320336 816
1719510016002 0.00015449785560102676 817
1719510018205 0.00015610000600431665 818
1719510019277 0.0001542897197129846 819
1719510021424 0.00015592079287906515 820
1719510023836 0.00015794588137524467 821
1719510025091 0.00015493287027404734 822
1719510026236 0.00015355722577019577 823
1719510027442 0.00015289285920273783 824
1719510028620 0.00015276827995767546 825
1719510030751 0.00015318092630131548 826
1719510031890 0.00015227846315377601 827
1719510034115 0.00015319595173776988 828
1719510035165 0.00015206949148577199 829
1719510037305 0.0001531410985746186 830
1719510038425 0.0001518547424027999 831
1719510039537 0.00015153085439238628 832
1719510040748 0.00015167293410923643 833
1719510043145 0.00015178137268980534 834
1719510045780 0.00015289427440175755 835
1719510048204 0.00015454440442360862 836
1719510049422 0.00015167713575758762 837
1719510050594 0.00015077325910855754 838
1719510052826 0.00015182311590076727 839
1719510055133 0.00015344000558782596 840
1719510057290 0.00015529939986047475 841
1719510058340 0.00015182980854724985 842
1719510060540 0.00015352696287133463 843
1719510061586 0.00015099502417892564 844
1719510063791 0.00015269540071059 845
1719510066133 0.00015460947114181382 846
1719510069251 0.00015660145170609874 847
1719510071754 0.0001586335686612175 848
1719510073910 0.00016067654515652073 849
1719510076103 0.00016270976853915132 850
1719510078266 0.00016471299438889118 851
1719510079357 0.00015661197060262176 852
1719510080387 0.00015240733686083238 853
1719510081481 0.00014962304854657888 854
1719510083585 0.00015140964735496903 855
1719510084606 0.00014852016779251734 856
1719510085646 0.0001468694098612571 857
1719510086730 0.00014591123672153507 858
1719510087791 0.00014549259583369878 859
1719510088865 0.00014551189446202 860
1719510089898 0.00014588252954494097 861
1719510090934 0.00014655715172818193 862
1719510092024 0.0001474845248852143 863
1719510094193 0.00014575331793048073 864
1719510095245 0.00014574084178144 865
1719510096301 0.00014647402222997186 866
1719510098472 0.00014541965924277803 867
1719510099508 0.00014535306024802974 868
1719510101625 0.00014506799853145424 869
1719510102710 0.00014472124713795263 870
1719510103743 0.0001451189139760782 871
1719510104773 0.00014579738244642186 872
1719510106908 0.00014483279375002132 873
1719510109109 0.00014514697452768893 874
1719510111271 0.00014619800924428535 875
1719510113436 0.00014765283551803368 876
1719510114467 0.0001445381544070957 877
1719510115499 0.00014368150224533028 878
1719510116524 0.00014336319798144165 879
1719510118712 0.00014379731925810818 880
1719510119834 0.00014292907018575806 881
1719510120864 0.00014281508124032628 882
1719510122980 0.00014314211853404317 883
1719510125194 0.0001441924461107355 884
1719510126228 0.00014259303789567328 885
1719510128345 0.00014360500720051714 886
1719510129442 0.00014229154671359842 887
1719510130481 0.00014179805113043485 888
1719510131501 0.0001417279565049463 889
1719510133594 0.00014195336736013184 890
1719510135769 0.0001429610390804804 891
1719510137908 0.0001443393648257261 892
1719510138946 0.00014188850405537226 893
1719510141126 0.0001431149226553697 894
1719510143229 0.00014461118053611796 895
1719510145409 0.00014622861846434802 896
1719510146444 0.00014287071879455956 897
1719510148571 0.00014434756427172577 898
1719510150765 0.00014601936172854179 899
1719510151803 0.000142705144790973 900
1719510152830 0.00014078499185109098 901
1719510154955 0.00014219952322686074 902
1719510157244 0.00014389761636470538 903
1719510158263 0.00014099456002761656 904
1719510160426 0.00014259653271020032 905
1719510162531 0.00014434039876476116 906
1719510163600 0.00014110711687161378 907
1719510165787 0.00014276431082804172 908
1719510166824 0.00014008511961616707 909
1719510167878 0.00013846676755393774 910
1719510170132 0.00013989654917508172 911
1719510173299 0.00014161921113510156 912
1719510175723 0.0001433934043128417 913
1719510176890 0.00013984349352909689 914
1719510178215 0.00013799061047379876 915
1719510180558 0.00013947462970799877 916
1719510183177 0.00014122177880668678 917
1719510184354 0.00013835462555758396 918
1719510185577 0.00013680163604031518 919
1719510188094 0.0001382213791656733 920
1719510189427 0.00013640029990897464 921
1719510191822 0.00013786993550535728 922
1719510194376 0.00013953732918591227 923
1719510196741 0.00014126016617702146 924
1719510199381 0.00014301375137861175 925
1719510200580 0.00013880031612184874 926
1719510201728 0.0001366187610508463 927
1719510204197 0.00013813370680312972 928
1719510206627 0.00013988684227659443 929
1719510207760 0.00013682114963975802 930
1719510210084 0.00013849624304172807 931
1719510211136 0.00013595321927048132 932
1719510212172 0.0001344011246882256 933
1719510214387 0.00013584078348741937 934
1719510215610 0.00013402009741664896 935
1719510216658 0.00013304302780024722 936
1719510218903 0.0001342317178431912 937
1719510221861 0.00013576551847880447 938
1719510224205 0.00013742490123237215 939
1719510226439 0.00013913532194319254 940
1719510228602 0.00014086124793685976 941
1719510230804 0.00014260051581503963 942
1719510231831 0.0001372806693396334 943
1719510232862 0.0001346949879746748 944
1719510235059 0.00013624474197182964 945
1719510237182 0.00013798831977001255 946
1719510239327 0.00013972272849468743 947
1719510240434 0.00013572668847071048 948
1719510241471 0.0001333815492058288 949
1719510242499 0.00013179107205140596 950
1719510244648 0.00013315394484570244 951
1719510245765 0.00013129729419888541 952
1719510247868 0.00013279951399133494 953
1719510248972 0.00013096831008463277 954
1719510250291 0.00012996162925924765 955
1719510251456 0.0001293957867209755 956
1719510253955 0.0001302827322336418 957
1719510255039 0.00012924917900167374 958
1719510256234 0.00012889855334924895 959
1719510257280 0.00012886372006606608 960
1719510258494 0.00012907794757714708 961
1719510259606 0.00012950494150141496 962
1719510261970 0.000128982662981526 963
1719510264508 0.00012943794341145206 964
1719510265753 0.00012845080792308532 965
1719510268017 0.00012903390743877337 966
1719510269205 0.0001282902930007818 967
1719510271401 0.000129000250572412 968
1719510272505 0.00012814852286873767 969
1719510274703 0.00012894220005488707 970
1719510275752 0.00012799804878251697 971
1719510277951 0.00012885982080138286 972
1719510279066 0.00012783111814369322 973
1719510281341 0.00012874051416723436 974
1719510282477 0.00012765150005086468 975
1719510285141 0.00012859746761913478 976
1719510287425 0.0001298154604751095 977
1719510288577 0.00012799856165930835 978
1719510290724 0.00012913531416340143 979
1719510292926 0.0001304435297134061 980
1719510295227 0.00013182464433573172 981
1719510296314 0.00012901215549659237 982
1719510297397 0.00012750798470585875 983
1719510298473 0.00012653413753655631 984
1719510300658 0.00012746098356173106 985
1719510301681 0.0001261893272457255 986
1719510302736 0.0001255640376394368 987
1719510303836 0.000125283013036722 988
1719510305990 0.00012580600525002682 989
1719510308118 0.00012682485127686214 990
1719510310405 0.00012806835076648157 991
1719510311433 0.00012596010071969137 992
1719510312567 0.00012511572213402632 993
1719510314863 0.00012603146513873414 994
1719510315909 0.00012489277908728653 995
1719510318051 0.00012588455149398214 996
1719510320262 0.00012708604510551703 997
1719510322417 0.00012839642758106292 998
1719510324535 0.00012976282393370857 999
1719510326709 0.0001311645326206075 1000
1719510328850 0.000132582871449708 1001
1719510331001 0.00013399484910549205 1002
1719510332057 0.0001290593170883145 1003
1719510333110 0.0001265913301851069 1004
1719510334138 0.00012488009398839688 1005
1719510336342 0.00012602261304526374 1006
1719510337372 0.00012418020400593735 1007
1719510339484 0.00012551116931608041 1008
1719510341701 0.00012694447926799154 1009
1719510343833 0.00012840571479754405 1010
1719510345973 0.00012987411975042695 1011
1719510347062 0.00012625413568784073 1012
1719510348116 0.00012424153731640955 1013
1719510350278 0.00012555393265871378 1014
1719510352500 0.0001270391974721433 1015
1719510353530 0.00012436827047715781 1016
1719510355717 0.0001257771818101792 1017
1719510356826 0.00012354448842316767 1018
1719510359542 0.00012495291736010206 1019
1719510361971 0.00012642383133873946 1020
1719510364554 0.00012788419352891963 1021
1719510367244 0.0001293407937038231 1022
1719510369697 0.0001307963554038782 1023
1719510372213 0.00013222991644094387 1024
1719510374647 0.0001336467228846729 1025
1719510375852 0.00012812095093562496 1026
1719510378354 0.0001295225214451607 1027
1719510380865 0.00013099437812477333 1028
1719510382149 0.00012678223835017438 1029
1719510384560 0.00012827138278451332 1030
1719510385726 0.00012481558085148645 1031
1719510388205 0.00012638282419976722 1032
1719510390599 0.0001279735456786216 1033
1719510393091 0.00012952579593070951 1034
1719510394216 0.00012533806602513882 1035
1719510396566 0.00012686265853532945 1036
1719510397902 0.0001235740885433118 1037
1719510399047 0.00012129261541754864 1038
1719510400264 0.00011963848270392789 1039
1719510402628 0.00012098792310417072 1040
1719510403893 0.00011914758263548106 1041
1719510405298 0.00011802294206836839 1042
1719510406453 0.00011728107118030424 1043
1719510407534 0.00011685584462384213 1044
1719510408765 0.00011668798508679128 1045
1719510411239 0.00011712614665301943 1046
1719510412282 0.00011648611481512054 1047
1719510413345 0.00011638578259435158 1048
1719510414428 0.00011648757850011901 1049
1719510416746 0.00011659488899291847 1050
1719510417811 0.00011621473532841264 1051
1719510419041 0.00011633498501528538 1052
1719510421295 0.00011640667199595229 1053
1719510422371 0.0001160590422375371 1054
1719510424897 0.00011637453945242793 1055
1719510427163 0.00011712687267878505 1056
1719510429292 0.00011814804348412112 1057
1719510430337 0.00011644762612527846 1058
1719510431483 0.0001158736839442037 1059
1719510433984 0.00011659638667805487 1060
1719510435020 0.00011572574788748466 1061
1719510436055 0.00011536752611733453 1062
1719510437146 0.0001152557933246071 1063
1719510439448 0.00011556886101436606 1064
1719510441676 0.00011632614282811679 1065
1719510443993 0.00011733016893782196 1066
1719510445174 0.00011565241338388676 1067
1719510447427 0.00011657069735087655 1068
1719510449692 0.00011766395142150288 1069
1719510450864 0.00011598431603724399 1070
1719510453524 0.00011700395825988753 1071
1719510455702 0.00011814821232486497 1072
1719510457265 0.0001162347328256776 1073
1719510459459 0.0001173101382158216 1074
1719510460491 0.0001156958027098119 1075
1719510462604 0.00011677769591433661 1076
1719510464793 0.0001179585245049216 1077
1719510466909 0.00011916172625706362 1078
1719510469097 0.0001203809411139092 1079
1719510471319 0.00012160574144177306 1080
1719510472362 0.00011809341191847941 1081
1719510475046 0.00011925094448609996 1082
1719510476257 0.00011678854051417582 1083
1719510478987 0.00011801207111747489 1084
1719510480222 0.00011580496985636708 1085
1719510481280 0.00011431163099935 1086
1719510483599 0.00011545216023363474 1087
1719510486030 0.00011674785105047999 1088
1719510488345 0.00011804753407561379 1089
1719510490881 0.00011933262120085904 1090
1719510491989 0.00011618429979973224 1091
1719510493085 0.00011438340493004244 1092
1719510495554 0.00011554891124905435 1093
1719510496596 0.00011371436357172049 1094
1719510497651 0.00011251447878003596 1095
1719510499819 0.00011360934833236702 1096
1719510502481 0.00011485849947647748 1097
1719510504014 0.00011294499695376209 1098
1719510506432 0.00011412676937660351 1099
1719510508744 0.00011538661146307518 1100
1719510511156 0.0001166569837608253 1101
1719510513556 0.00011791225785015593 1102
1719510515827 0.00011916926441126323 1103
1719510516997 0.00011558599028648264 1104
1719510518085 0.00011354126773989863 1105
1719510519148 0.00011207280358313746 1106
1719510520188 0.00011100892148527774 1107
1719510521266 0.00011027779877531041 1108
1719510523804 0.00011098153016969924 1109
1719510525067 0.00010995069288567634 1110
1719510526176 0.00010941765686755614 1111
1719510528608 0.00011020268536517855 1112
1719510529775 0.00010936653816519864 1113
1719510530856 0.00010900296819671987 1114
1719510533221 0.00010963911287539746 1115
1719510535533 0.00011054939910161562 1116
1719510536723 0.0001093409025591808 1117
1719510537920 0.000108847698279834 1118
1719510539008 0.00010858992345043184 1119
1719510540142 0.00010852817668230786 1120
1719510542466 0.00010876530194682578 1121
1719510543743 0.0001083265281402955 1122
1719510544871 0.00010830321415165273 1123
1719510545932 0.00010844013478239869 1124
1719510548421 0.00010841072383593791 1125
1719510549590 0.00010814954434032678 1126
1719510552031 0.00010835895707099297 1127
1719510554271 0.00010892089891305084 1128
1719510555335 0.00010805304233770615 1129
1719510557535 0.00010862890524502944 1130
1719510559755 0.000109438465098941 1131
1719510560810 0.00010828424264481809 1132
1719510561865 0.00010779278430063602 1133
1719510562949 0.00010753180788348302 1134
1719510565286 0.00010791825852832393 1135
1719510567660 0.00010864910844089404 1136
1719510568811 0.00010761663307820698 1137
1719510570036 0.00010722439130115793 1138
1719510571079 0.00010704476956403464 1139
1719510573489 0.00010736404183247918 1140
1719510574815 0.00010687128029583339 1141
1719510575918 0.00010676724041861476 1142
1719510576951 0.00010682507989911709 1143
1719510579083 0.00010687048167397718 1144
1719510580188 0.00010658081086489801 1145
1719510582290 0.00010682026541190743 1146
1719510584384 0.00010737311645311625 1147
1719510586552 0.0001081203513609273 1148
1719510587575 0.0001068160169505716 1149
1719510588601 0.00010635973495369461 1150
1719510589646 0.00010612803342342093 1151
1719510591818 0.00010644453406287648 1152
1719510594005 0.00010711547008231019 1153
1719510596299 0.00010792454737203372 1154
1719510597341 0.00010652801815081925 1155
1719510598366 0.0001059432948387404 1156
1719510600483 0.0001065345294269567 1157
1719510602660 0.00010733980548818967 1158
1719510604777 0.00010822316581258055 1159
1719510605803 0.00010662056293081811 1160
1719510607980 0.0001074271604424266 1161
1719510609022 0.00010622178791639536 1162
1719510611125 0.00010703967626374219 1163
1719510612249 0.00010588347222010193 1164
1719510613297 0.00010516424139798133 1165
1719510614352 0.00010469453919996403 1166
1719510616446 0.00010523225639654523 1167
1719510618632 0.00010604711709433081 1168
1719510619658 0.00010490688547129606 1169
1719510621773 0.00010566900176753633 1170
1719510623941 0.00010654315667458334 1171
1719510626038 0.00010746371255982401 1172
1719510627069 0.00010570932051375834 1173
1719510628172 0.00010476000875751897 1174
1719510630288 0.00010552576100393645 1175
1719510632374 0.0001064473099893737 1176
1719510633481 0.00010497860553118894 1177
1719510634511 0.00010412378405715409 1178
1719510635535 0.00010353464024737515 1179
1719510637659 0.00010415665519539849 1180
1719510638766 0.00010334510164650762 1181
1719510640869 0.0001040750124885508 1182
1719510641891 0.00010323769976455171 1183
1719510644091 0.00010397515941699217 1184
1719510645123 0.0001031158510485002 1185
1719510646172 0.00010266179411000577 1186
1719510647175 0.00010239920421087036 1187
1719510649354 0.0001028200902279174 1188
1719510651526 0.00010351867552856705 1189
1719510652518 0.00010256313227658281 1190
1719510654692 0.00010323207825990721 1191
1719510656851 0.0001040378713885547 1192
1719510659117 0.00010490264258814583 1193
1719510660252 0.00010333768909197164 1194
1719510661327 0.00010254135050278128 1195
1719510662421 0.0001019981961833873 1196
1719510663491 0.00010165943936880288 1197
1719510665699 0.00010206305322759735 1198
1719510667851 0.00010279353447634436 1199
1719510669949 0.00010361853453151781 1200
1719510671043 0.0001022202835024978 1201
1719510672075 0.00010158457383338704 1202
1719510673103 0.00010117982129961488 1203
1719510674125 0.00010094883666955182 1204
1719510676364 0.00010127225133655728 1205
1719510678483 0.00010193050837068395 1206
1719510679508 0.00010102512131986734 1207
1719510681710 0.0001016530385148933 1208
1719510683808 0.00010241669941735428 1209
1719510684824 0.00010130268924610244 1210
1719510686976 0.0001020157338932016 1211
1719510688008 0.00010108477671172637 1212
1719510690119 0.00010179955659698194 1213
1719510692275 0.00010261511049151538 1214
1719510694421 0.00010346753693077003 1215
1719510695459 0.00010182817858569647 1216
1719510696493 0.00010091492203990587 1217
1719510697626 0.0001002670133003841 1218
1719510699766 0.00010085713866750176 1219
1719510700813 0.00010002930808408346 1220
1719510702998 0.00010073969452934925 1221
1719510705086 0.00010155488148941127 1222
1719510707171 0.00010240461134149205 1223
1719510708245 0.00010083632065613382 1224
1719510710348 0.00010162766059758342 1225
1719510711397 0.00010043664919378851 1226
1719510713553 0.00010123186534214155 1227
1719510715659 0.00010209638438724165 1228
1719510716688 0.00010061430677896341 1229
1719510717737 9.970236915790291e-05 1230
1719510720020 0.00010043608824349755 1231
1719510721221 9.94129629415779e-05 1232
1719510722756 9.876445070810996e-05 1233
1719510724101 9.832395536584519e-05 1234
1719510725224 9.805327133601836e-05 1235
1719510727544 9.845325185773245e-05 1236
1719510729844 9.914120689321256e-05 1237
1719510730911 9.822687398764951e-05 1238
1719510732018 9.784961536308176e-05 1239
1719510733112 9.763454908484436e-05 1240
1719510734256 9.755433329113323e-05 1241
1719510735323 9.75979408389434e-05 1242
1719510736401 9.774232782482085e-05 1243
1719510737651 9.797863510841172e-05 1244
1719510738967 9.829315404101927e-05 1245
1719510740194 9.868872825086716e-05 1246
1719510741242 9.91440238630874e-05 1247
1719510742418 9.965570746275316e-05 1248
1719510745275 9.833338346849705e-05 1249
1719510746331 9.846683020017907e-05 1250
1719510747401 9.88888808934524e-05 1251
1719510748445 9.937651520594487e-05 1252
1719510749535 9.991475280572621e-05 1253
1719510751816 9.860334605355481e-05 1254
1719510752868 9.878874308956489e-05 1255
1719510755086 9.797154033360798e-05 1256
1719510757710 9.769016031280125e-05 1257
1719510758787 9.740123271199004e-05 1258
1719510759859 9.760723120148914e-05 1259
1719510762134 9.729773831587899e-05 1260
1719510763202 9.7228615018343e-05 1261
1719510765458 9.711244416621412e-05 1262
1719510767763 9.730510689304242e-05 1263
1719510769923 9.77036317376354e-05 1264
1719510772177 9.823424969453237e-05 1265
1719510774322 9.88439188094819e-05 1266
1719510776550 9.951334513985808e-05 1267
1719510778726 0.00010021904939708488 1268
1719510780896 0.00010095862367814948 1269
1719510783116 0.00010171972160923686 1270
1719510784248 9.881465638175688e-05 1271
1719510785316 9.767727573918049e-05 1272
1719510787563 9.824643938310714e-05 1273
1719510789773 9.89899314549511e-05 1274
1719510790849 9.756814614547693e-05 1275
1719510791926 9.66369229057076e-05 1276
1719510794386 9.725923577567635e-05 1277
1719510796670 9.802059250926263e-05 1278
1719510797839 9.671971041399031e-05 1279
1719510800014 9.742978799349502e-05 1280
1719510801061 9.630854273626175e-05 1281
1719510802161 9.554620440865573e-05 1282
1719510803307 9.499602875178262e-05 1283
1719510804367 9.462320322447736e-05 1284
1719510806538 9.50330176297185e-05 1285
1719510808800 9.570723413192463e-05 1286
1719510810977 9.644752082402729e-05 1287
1719510813146 9.722197234014064e-05 1288
1719510814281 9.565578224745466e-05 1289
1719510815343 9.489726721233086e-05 1290
1719510818058 9.552675382014268e-05 1291
1719510819386 9.46645455428552e-05 1292
1719510821828 9.533811187586648e-05 1293
1719510824133 9.608791186846029e-05 1294
1719510825241 9.491699109404204e-05 1295
1719510826320 9.422942808575895e-05 1296
1719510827392 9.373988741164141e-05 1297
1719510828479 9.340911589762212e-05 1298
1719510830703 9.380112437980626e-05 1299
1719510831788 9.326118197180252e-05 1300
1719510832867 9.301504747334073e-05 1301
1719510833931 9.289494011607289e-05 1302
1719510836213 9.31607928745775e-05 1303
1719510837308 9.28022904111392e-05 1304
1719510838400 9.271872474365938e-05 1305
1719510839497 9.274192033329076e-05 1306
1719510840757 9.285888557559911e-05 1307
1719510841948 9.305105141588411e-05 1308
1719510843066 9.331050005902724e-05 1309
1719510844154 9.363444234834702e-05 1310
1719510846457 9.302631246645759e-05 1311
1719510848709 9.293407911163119e-05 1312
1719510849805 9.26073038762779e-05 1313
1719510852111 9.263383713316107e-05 1314
1719510853194 9.243612242367529e-05 1315
1719510855536 9.256135163752302e-05 1316
1719510857983 9.29066185510517e-05 1317
1719510859081 9.233816272453468e-05 1318
1719510860176 9.220215608033519e-05 1319
1719510861285 9.21788085399859e-05 1320
1719510863476 9.22431049409566e-05 1321
1719510864552 9.199848403285707e-05 1322
1719510866803 9.21999404101048e-05 1323
1719510869016 9.260153732156078e-05 1324
1719510871220 9.310659581177025e-05 1325
1719510873504 9.368403456198751e-05 1326
1719510875710 9.43099219922128e-05 1327
1719510876773 9.280531900274652e-05 1328
1719510877910 9.218933109294971e-05 1329
1719510878988 9.175729240368104e-05 1330
1719510881213 9.212675458678487e-05 1331
1719510883475 9.270440496505053e-05 1332
1719510884554 9.184625258934534e-05 1333
1719510885627 9.139003708372149e-05 1334
1719510886686 9.10898773698245e-05 1335
1719510887771 9.091623868335252e-05 1336
1719510888906 9.085050145572535e-05 1337
1719510891144 9.091899843546786e-05 1338
1719510893564 9.132601010743846e-05 1339
1719510894644 9.073518133580667e-05 1340
1719510895707 9.055460302572769e-05 1341
1719510897901 9.082982826827093e-05 1342
1719510900205 9.129575565929893e-05 1343
1719510901296 9.063427039267613e-05 1344
1719510903501 9.107215596224286e-05 1345
1719510905810 9.161629341140056e-05 1346
1719510906889 9.080540904509938e-05 1347
1719510909190 9.130838364974332e-05 1348
1719510910285 9.062669593107878e-05 1349
1719510911352 9.021547214428031e-05 1350
1719510913551 9.064033237260081e-05 1351
1719510915837 9.120334417371641e-05 1352
1719510916929 9.03801661102021e-05 1353
1719510917978 8.994823496139431e-05 1354
1719510920226 9.038271840448686e-05 1355
1719510921270 8.98147051256056e-05 1356
1719510923436 9.030212164812589e-05 1357
1719510924483 8.971531398796069e-05 1358
1719510926728 9.020437476224327e-05 1359
1719510927868 8.960700762324069e-05 1360
1719510928974 8.92688212709889e-05 1361
1719510930078 8.90571427837527e-05 1362
1719510931251 8.89540409623817e-05 1363
1719510932331 8.89373561715488e-05 1364
1719510934579 8.897267639974967e-05 1365
1719510935813 8.873206533718838e-05 1366
1719510937984 8.895132903550111e-05 1367
1719510940147 8.934450133761647e-05 1368
1719510942511 8.98349667837119e-05 1369
1719510943629 8.898023802736624e-05 1370
1719510944705 8.866695199426198e-05 1371
1719510945759 8.848155404462754e-05 1372
1719510948057 8.872380710464803e-05 1373
1719510949162 8.83576459809055e-05 1374
1719510951401 8.87006532735525e-05 1375
1719510952558 8.829443365437942e-05 1376
1719510953658 8.813092236145609e-05 1377
1719510954760 8.806088387807469e-05 1378
1719510955882 8.807699792818794e-05 1379
1719510957066 8.817208341418755e-05 1380
1719510959317 8.804515847929097e-05 1381
1719510960424 8.79016763748103e-05 1382
1719510962742 8.797819488866783e-05 1383
1719510965164 8.825134314288995e-05 1384
1719510966258 8.777915941918686e-05 1385
1719510967349 8.768509512399246e-05 1386
1719510969638 8.78459943410876e-05 1387
1719510970701 8.757499770403671e-05 1388
1719510971769 8.75194449958937e-05 1389
1719510972913 8.754736148320355e-05 1390
1719510975132 8.754946354287329e-05 1391
1719510977342 8.779499521955018e-05 1392
1719510979601 8.816785906952241e-05 1393
1719510981821 8.862433201194559e-05 1394
1719510984107 8.91381405641178e-05 1395
1719510986298 8.969654869933287e-05 1396
1719510988476 9.028419155620757e-05 1397
1719510990696 9.089540566362155e-05 1398
1719510992869 9.152091665267799e-05 1399
1719510995131 9.215231680649144e-05 1400
1719510996169 8.960008289285234e-05 1401
1719510997452 8.85837275498092e-05 1402
1719510999994 8.905918472349062e-05 1403
1719511002210 8.968317815674904e-05 1404
1719511004415 9.031149155526287e-05 1405
1719511005500 8.886886403928672e-05 1406
1719511006521 8.791569366650993e-05 1407
1719511008663 8.845202374229116e-05 1408
1719511010861 8.910112307207938e-05 1409
1719511013000 8.975694628016505e-05 1410
1719511015122 9.040971366160107e-05 1411
1719511017317 9.106505963323316e-05 1412
1719511019438 9.171753078685197e-05 1413
1719511020492 8.963280178304402e-05 1414
1719511021571 8.836131589502547e-05 1415
1719511022606 8.735411465478005e-05 1416
1719511024751 8.78933220569726e-05 1417
1719511026928 8.860267437785491e-05 1418
1719511029060 8.929995558164747e-05 1419
1719511030173 8.779819930573934e-05 1420
1719511031224 8.680354403112781e-05 1421
1719511033352 8.742782824155116e-05 1422
1719511034384 8.640132904951836e-05 1423
1719511035413 8.566903010079032e-05 1424
1719511037599 8.627972237541649e-05 1425
1719511038644 8.545675953371786e-05 1426
1719511039664 8.490333405453796e-05 1427
1719511041834 8.546667917477325e-05 1428
1719511042902 8.479256446285463e-05 1429
1719511045026 8.537571487089284e-05 1430
1719511047212 8.602782710641983e-05 1431
1719511049358 8.670333579460051e-05 1432
1719511051507 8.738618227826165e-05 1433
1719511053690 8.807002992441092e-05 1434
1719511054747 8.64099667507469e-05 1435
1719511056989 8.703647002038584e-05 1436
1719511059202 8.770689985476177e-05 1437
1719511061332 8.837802960725546e-05 1438
1719511063506 8.90447533525054e-05 1439
1719511065634 8.970734821189534e-05 1440
1719511067733 9.036461130532017e-05 1441
1719511068865 8.817856048540502e-05 1442
1719511069906 8.681404196676161e-05 1443
1719511072015 8.74232981424519e-05 1444
1719511074216 8.812570180891124e-05 1445
1719511076471 8.882029405372239e-05 1446
1719511078673 8.950461292258304e-05 1447
1719511080980 9.0173962054738e-05 1448
1719511083151 9.084043904622901e-05 1449
1719511085370 9.149765963061483e-05 1450
1719511087478 9.214650919722235e-05 1451
1719511088522 8.937416290173113e-05 1452
1719511090743 9.000726357111718e-05 1453
1719511092908 9.068996656255546e-05 1454
1719511095104 9.136165589320315e-05 1455
1719511096121 8.901285695318305e-05 1456
1719511098240 8.968708401490446e-05 1457
1719511099278 8.774122824546731e-05 1458
1719511101478 8.846664887985939e-05 1459
1719511102558 8.671611911575997e-05 1460
1719511103606 8.536059962256541e-05 1461
1719511105845 8.608554097875633e-05 1462
1719511107984 8.687973084274512e-05 1463
1719511109021 8.529156185688454e-05 1464
1719511111220 8.604838882635906e-05 1465
1719511112278 8.467606623052871e-05 1466
1719511113321 8.36463216171815e-05 1467
1719511115431 8.435994498761394e-05 1468
1719511117630 8.513647747813244e-05 1469
1719511118677 8.380694564046778e-05 1470
1719511121426 8.454164968987662e-05 1471
1719511122787 8.339526421337707e-05 1472
1719511124934 8.411844333831817e-05 1473
1719511127152 8.487332669818135e-05 1474
1719511129294 8.562566150838074e-05 1475
1719511130316 8.406158249111939e-05 1476
1719511131338 8.304263811229466e-05 1477
1719511132426 8.222954713961628e-05 1478
1719511133464 8.158682907292055e-05 1479
1719511135568 8.214037319063155e-05 1480
1719511136584 8.137136228980032e-05 1481
1719511138771 8.201826099051547e-05 1482
1719511140901 8.271763302570209e-05 1483
1719511143096 8.343212220132464e-05 1484
1719511144128 8.21805310830959e-05 1485
1719511146242 8.284654695506448e-05 1486
1719511147260 8.188038539616273e-05 1487
1719511149464 8.25422102677185e-05 1488
1719511150489 8.161754287685754e-05 1489
1719511151516 8.096787248180776e-05 1490
1719511152542 8.046411658987824e-05 1491
1719511154745 8.098910365082057e-05 1492
1719511155771 8.034977548076173e-05 1493
1719511156789 7.995474955265292e-05 1494
1719511158970 8.045695044646168e-05 1495
1719511159998 7.99141377387677e-05 1496
1719511162111 8.043781622752684e-05 1497
1719511163139 7.988032821357492e-05 1498
1719511165300 8.040302583124599e-05 1499
1719511167410 8.099551070041988e-05 1500
1719511169589 8.162107933841988e-05 1501
1719511170614 8.058214035915828e-05 1502
1719511171664 8.003095777504842e-05 1503
1719511173818 8.054912626020129e-05 1504
1719511174909 7.989640391308532e-05 1505
1719511175938 7.947914754752743e-05 1506
1719511178075 7.99567193464321e-05 1507
1719511180224 8.052673239452209e-05 1508
1719511181249 7.974587369908982e-05 1509
1719511182306 7.931928649895781e-05 1510
1719511183341 7.900418393796438e-05 1511
1719511184431 7.878243669068023e-05 1512
1719511185527 7.864323623024551e-05 1513
1719511187674 7.88660245989979e-05 1514
1719511188771 7.854683709939488e-05 1515
1719511191006 7.889206950581033e-05 1516
1719511193230 7.933963649076533e-05 1517
1719511194315 7.875269676973457e-05 1518
1719511195384 7.850989782171452e-05 1519
1719511197610 7.886058318013445e-05 1520
1719511198725 7.847552140244968e-05 1521
1719511201457 7.885897492458862e-05 1522
1719511202715 7.844793087935272e-05 1523
1719511203961 7.824235748461643e-05 1524
1719511205209 7.811517694940021e-05 1525
1719511206479 7.80628192827839e-05 1526
1719511207562 7.807055134810429e-05 1527
1719511208765 7.81332984503572e-05 1528
1719511209942 7.824816860408809e-05 1529
1719511211069 7.840893075080917e-05 1530
1719511213315 7.811054969566713e-05 1531
1719511215443 7.817545246457757e-05 1532
1719511217632 7.83915895712855e-05 1533
1719511219801 7.872123625534342e-05 1534
1719511221944 7.914449524730863e-05 1535
1719511223088 7.812856853303709e-05 1536
1719511224142 7.789003222246992e-05 1537
1719511225190 7.774437019036621e-05 1538
1719511227391 7.794328079963385e-05 1539
1719511229567 7.830691970703368e-05 1540
1719511231699 7.873547053950693e-05 1541
1719511233919 7.920324042153421e-05 1542
1719511236078 7.970657954249651e-05 1543
1719511238277 8.022488243743562e-05 1544
1719511240392 8.075806569750096e-05 1545
1719511241427 7.922250447229524e-05 1546
1719511243651 7.968996043168344e-05 1547
1719511244680 7.885229397060294e-05 1548
1719511245737 7.824248800196455e-05 1549
1719511246774 7.776835845588644e-05 1550
1719511247803 7.740745116651051e-05 1551
1719511250057 7.77108443604743e-05 1552
1719511251090 7.723081989169236e-05 1553
1719511253246 7.764971945279378e-05 1554
1719511254351 7.716128625390457e-05 1555
1719511255384 7.686865741727791e-05 1556
1719511257500 7.722464346045884e-05 1557
1719511258537 7.680874240209127e-05 1558
1719511260738 7.719543545107642e-05 1559
1719511261774 7.676565146913458e-05 1560
1719511263989 7.715234553668577e-05 1561
1719511266272 7.761356043873163e-05 1562
1719511267340 7.697362470556375e-05 1563
1719511268439 7.662862851076077e-05 1564
1719511270725 7.699340838606574e-05 1565
1719511272917 7.745275731859404e-05 1566
1719511273997 7.680680551822242e-05 1567
1719511276256 7.723727303644596e-05 1568
1719511278490 7.771806941286352e-05 1569
1719511279578 7.698785633448372e-05 1570
1719511281852 7.743590390090888e-05 1571
1719511282956 7.681032732936522e-05 1572
1719511285162 7.725833617449071e-05 1573
1719511286309 7.665063236038253e-05 1574
1719511288515 7.710206014220871e-05 1575
1719511289592 7.650495732814034e-05 1576
1719511291884 7.695997072651094e-05 1577
1719511293016 7.636658687223037e-05 1578
1719511294108 7.597277822674575e-05 1579
1719511295187 7.567633028072947e-05 1580
1719511297468 7.600953036714607e-05 1581
1719511299802 7.646260494095519e-05 1582
1719511300896 7.585127693524113e-05 1583
1719511303173 7.62715344043622e-05 1584
1719511304266 7.575916949903307e-05 1585
1719511306499 7.617832894423734e-05 1586
1719511308808 7.66457032775692e-05 1587
1719511311017 7.713643343642158e-05 1588
1719511313313 7.76425812739101e-05 1589
1719511315545 7.815353379311853e-05 1590
1719511316647 7.692594723722385e-05 1591
1719511317820 7.625852479356044e-05 1592
1719511320046 7.668783073619615e-05 1593
1719511321148 7.598355357866893e-05 1594
1719511322245 7.548166280457735e-05 1595
1719511324526 7.591527701559897e-05 1596
1719511326784 7.641740995115711e-05 1597
1719511327883 7.565397196890833e-05 1598
1719511329032 7.517883132027432e-05 1599
1719511331230 7.560569049721776e-05 1600
1719511333493 7.60989737845442e-05 1601
1719511335775 7.660871617028152e-05 1602
1719511336871 7.568712371493285e-05 1603
1719511339162 7.616129489395687e-05 1604
1719511340247 7.544854690294391e-05 1605
1719511342474 7.592290169957148e-05 1606
1719511343609 7.524009065000855e-05 1607
1719511345894 7.57152741338025e-05 1608
1719511348123 7.6223903689127e-05 1609
1719511350387 7.67383695388774e-05 1610
1719511351492 7.572810075580064e-05 1611
1719511352573 7.509845501143682e-05 1612
1719511353697 7.459540602256381e-05 1613
1719511355997 7.49974860474513e-05 1614
1719511358368 7.551067641869826e-05 1615
1719511359457 7.474512041058083e-05 1616
1719511361762 7.522383286256557e-05 1617
1719511364026 7.57306258130997e-05 1618
1719511365120 7.489605178510184e-05 1619
1719511366251 7.435304097687852e-05 1620
1719511367346 7.392065558307963e-05 1621
1719511368440 7.358443719492911e-05 1622
1719511370720 7.392109192579467e-05 1623
1719511371850 7.346938269337536e-05 1624
1719511374109 7.388737532137267e-05 1625
1719511375215 7.342934255156733e-05 1626
1719511376360 7.314608806643135e-05 1627
1719511377438 7.294026146790855e-05 1628
1719511378522 7.280060125498704e-05 1629
1719511379614 7.272149099483994e-05 1630
1719511380704 7.269703392051028e-05 1631
1719511382979 7.276623463028052e-05 1632
1719511384094 7.258070843096172e-05 1633
1719511385165 7.255843072723817e-05 1634
1719511386268 7.25814879689761e-05 1635
1719511388593 7.263067109292e-05 1636
1719511389745 7.249543857689328e-05 1637
1719511392034 7.261698048569282e-05 1638
1719511394252 7.285535859155138e-05 1639
1719511395344 7.249707642235368e-05 1640
1719511396424 7.24125515224235e-05 1641
1719511397574 7.23864888369816e-05 1642
1719511398698 7.24058802172438e-05 1643
1719511399769 7.246763328842843e-05 1644
1719511400870 7.25701880601536e-05 1645
1719511401956 7.27067089300825e-05 1646
1719511404266 7.246413904039221e-05 1647
1719511405363 7.242476067136701e-05 1648
1719511407641 7.23683604941661e-05 1649
1719511408802 7.229091243081137e-05 1650
1719511409881 7.23705176822353e-05 1651
1719511412136 7.230001501986804e-05 1652
1719511413274 7.222728732073816e-05 1653
1719511415540 7.223646674023429e-05 1654
1719511417786 7.237719916287281e-05 1655
1719511420083 7.260289700456887e-05 1656
1719511421156 7.213717606337246e-05 1657
1719511422245 7.20343180298214e-05 1658
1719511424545 7.217905157083292e-05 1659
1719511426757 7.243771241896925e-05 1660
1719511429015 7.275257625570105e-05 1661
1719511430127 7.21978835731077e-05 1662
1719511432363 7.248349778694482e-05 1663
1719511434646 7.282955259799281e-05 1664
1719511435757 7.229771793795875e-05 1665
1719511437973 7.261485983956118e-05 1666
1719511440295 7.298484134122467e-05 1667
1719511442528 7.337718351784083e-05 1668
1719511444798 7.378110619284058e-05 1669
1719511445941 7.288873069266811e-05 1670
1719511448189 7.325055849756729e-05 1671
1719511449273 7.261122800154378e-05 1672
1719511450396 7.214143889795541e-05 1673
1719511452645 7.247412993916717e-05 1674
1719511453724 7.195061047545946e-05 1675
1719511454835 7.158760487285667e-05 1676
1719511457133 7.191467815440926e-05 1677
1719511459390 7.232113584815284e-05 1678
1719511461677 7.273840579880198e-05 1679
1719511462771 7.19880955774942e-05 1680
1719511464989 7.237005914325832e-05 1681
1719511467268 7.279471918217531e-05 1682
1719511469485 7.322642163703424e-05 1683
1719511470567 7.23614297914535e-05 1684
1719511472855 7.275678866919978e-05 1685
1719511473955 7.206807073965266e-05 1686
1719511475034 7.155571916835637e-05 1687
1719511476124 7.11398658283385e-05 1688
1719511478419 7.147215913784892e-05 1689
1719511480752 7.190558654560633e-05 1690
1719511483063 7.23479052838542e-05 1691
1719511484138 7.15536871482809e-05 1692
1719511485233 7.108150900276339e-05 1693
1719511487487 7.145766608932504e-05 1694
1719511488613 7.092458103573969e-05 1695
1719511489696 7.055418582864542e-05 1696
1719511491930 7.091426306224035e-05 1697
1719511493088 7.046292069773221e-05 1698
1719511494199 7.01681019143441e-05 1699
1719511495280 6.994526200950197e-05 1700
1719511496374 6.97865192580302e-05 1701
1719511497458 6.968242905798872e-05 1702
1719511499752 6.983700032176582e-05 1703
1719511501999 7.014732603488094e-05 1704
1719511504305 7.05124009446557e-05 1705
1719511505425 6.993866504725484e-05 1706
1719511506522 6.971123473924783e-05 1707
1719511507633 6.955084782006429e-05 1708
1719511508786 6.944464072009113e-05 1709
1719511509907 6.938772990388335e-05 1710
1719511512139 6.948272895934313e-05 1711
1719511513224 6.929371525825737e-05 1712
1719511514367 6.924677323140674e-05 1713
1719511516608 6.938351796468707e-05 1714
1719511518836 6.962411318554626e-05 1715
1719511521121 6.99257308414345e-05 1716
1719511522203 6.942140276960228e-05 1717
1719511523347 6.925392711364928e-05 1718
1719511524451 6.914846549689542e-05 1719
1719511525578 6.908731830586596e-05 1720
1719511526675 6.907230811899473e-05 1721
1719511527804 6.909637968016454e-05 1722
1719511528909 6.915674864908047e-05 1723
1719511531173 6.904485150915432e-05 1724
1719511532285 6.89584319847934e-05 1725
1719511534519 6.90064115323003e-05 1726
1719511536813 6.916485120122157e-05 1727
1719511537895 6.888579930976226e-05 1728
1719511540159 6.904823046513353e-05 1729
1719511541279 6.884797021904954e-05 1730
1719511543497 6.902894700611023e-05 1731
1719511544634 6.881288987857848e-05 1732
1719511545723 6.872932599340705e-05 1733
1719511546852 6.869345447756765e-05 1734
1719511547971 6.86963572891428e-05 1735
1719511549094 6.873592441791469e-05 1736
1719511550170 6.880952936476633e-05 1737
1719511551322 6.891560737151335e-05 1738
1719511552411 6.90501119395438e-05 1739
1719511554668 6.87575690414213e-05 1740
1719511555753 6.874015579901774e-05 1741
1719511556903 6.885372548901195e-05 1742
1719511559145 6.86895173914841e-05 1743
1719511561369 6.868409566339957e-05 1744
1719511562507 6.850030219614685e-05 1745
1719511564741 6.852425618399235e-05 1746
1719511565919 6.841418094220095e-05 1747
1719511568229 6.847806007288116e-05 1748
1719511569323 6.83453859013195e-05 1749
1719511571560 6.843772244626332e-05 1750
1719511573854 6.861836436886497e-05 1751
1719511574956 6.831984135639384e-05 1752
1719511576052 6.822930939724135e-05 1753
1719511578327 6.834253954691945e-05 1754
1719511579417 6.81538526108343e-05 1755
1719511580499 6.809033897775019e-05 1756
1719511581588 6.806924194548088e-05 1757
1719511583887 6.810193280542966e-05 1758
1719511586144 6.8268124751272e-05 1759
1719511587236 6.798922267975262e-05 1760
1719511589528 6.814359566202455e-05 1761
1719511591754 6.836901812322727e-05 1762
1719511592858 6.802055020641469e-05 1763
1719511595156 6.822490496181529e-05 1764
1719511597377 6.849564581659901e-05 1765
1719511599679 6.879136483747092e-05 1766
1719511600771 6.824641717319315e-05 1767
1719511603009 6.850987189162544e-05 1768
1719511605287 6.882555725701811e-05 1769
1719511606385 6.830440980480552e-05 1770
1719511608600 6.858530249022083e-05 1771
1719511609772 6.81375229818121e-05 1772
1719511611987 6.843037679084415e-05 1773
1719511613070 6.799084188992407e-05 1774
1719511615374 6.828860411444974e-05 1775
1719511616447 6.785482112232128e-05 1776
1719511617541 6.75570653447867e-05 1777
1719511619769 6.781654184120507e-05 1778
1719511620905 6.745170249310874e-05 1779
1719511622000 6.721150713181381e-05 1780
1719511624262 6.74596060227154e-05 1781
1719511625357 6.714113525667946e-05 1782
1719511627629 6.741598341868686e-05 1783
1719511628723 6.708850593439272e-05 1784
1719511630989 6.736398630501796e-05 1785
1719511633296 6.768451838844609e-05 1786
1719511634382 6.722309640521801e-05 1787
1719511635477 6.695879432983568e-05 1788
1719511636610 6.675958286317017e-05 1789
1719511638866 6.697021461285694e-05 1790
1719511639932 6.668112236678343e-05 1791
1719511642225 6.694290319459038e-05 1792
1719511643331 6.664231844933285e-05 1793
1719511645606 6.690559164523026e-05 1794
1719511647927 6.721289156579059e-05 1795
1719511650166 6.753881168713198e-05 1796
1719511651265 6.696972481510093e-05 1797
1719511652421 6.667486100625935e-05 1798
1719511653514 6.644445503649166e-05 1799
1719511654602 6.627129743980117e-05 1800
1719511656859 6.644502789523594e-05 1801
1719511659251 6.674027964486433e-05 1802
1719511661465 6.705769641184699e-05 1803
1719511663765 6.739240021147452e-05 1804
1719511664856 6.672851378580046e-05 1805
1719511665991 6.641627364706826e-05 1806
1719511667180 6.616990789767542e-05 1807
1719511669504 6.63974637642925e-05 1808
1719511671736 6.671529517644426e-05 1809
1719511674068 6.704792407662485e-05 1810
1719511675154 6.646967660221268e-05 1811
1719511677401 6.677437836228663e-05 1812
1719511678518 6.634264996715213e-05 1813
1719511680770 6.664887513862502e-05 1814
1719511681856 6.622581918940862e-05 1815
1719511682965 6.593318983487524e-05 1816
1719511685246 6.620490365343879e-05 1817
1719511687457 6.653938438200043e-05 1818
1719511689772 6.688294454539946e-05 1819
1719511691999 6.72352909202606e-05 1820
1719511693101 6.650134817573222e-05 1821
1719511694185 6.609672596861553e-05 1822
1719511696469 6.63892502322993e-05 1823
1719511698713 6.674265975958313e-05 1824
1719511699869 6.617384599224382e-05 1825
1719511700973 6.579937860302908e-05 1826
1719511703199 6.609646146792827e-05 1827
1719511705493 6.645345616672598e-05 1828
1719511706565 6.59035770233447e-05 1829
1719511708822 6.623206826774603e-05 1830
1719511709906 6.575468840939029e-05 1831
1719511711049 6.541407476784776e-05 1832
1719511712174 6.51376637327198e-05 1833
1719511714409 6.540258282568066e-05 1834
1719511716716 6.574795978879702e-05 1835
1719511718943 6.610392482712009e-05 1836
1719511721231 6.646225187128194e-05 1837
1719511722317 6.573136932888896e-05 1838
1719511723409 6.533995739069281e-05 1839
1719511725623 6.564532564422548e-05 1840
1719511726766 6.520516952963799e-05 1841
1719511729012 6.553477279091108e-05 1842
1719511730098 6.509975719940773e-05 1843
1719511731196 6.479341945537388e-05 1844
1719511733468 6.50888654848765e-05 1845
1719511734557 6.471480000098179e-05 1846
1719511735652 6.446339680056285e-05 1847
1719511737940 6.474380406054993e-05 1848
1719511739027 6.44162767234843e-05 1849
1719511741264 6.471312117457436e-05 1850
1719511743562 6.50453793825449e-05 1851
1719511745803 6.539049184448815e-05 1852
1719511748085 6.574070624935272e-05 1853
1719511749182 6.503657049711753e-05 1854
1719511751506 6.535609906743639e-05 1855
1719511752578 6.486956463453113e-05 1856
1719511754884 6.519163073648589e-05 1857
1719511755969 6.47232997660673e-05 1858
1719511758256 6.505160648203431e-05 1859
1719511760502 6.54056662420367e-05 1860
1719511762734 6.576206721193172e-05 1861
1719511763908 6.506979709717956e-05 1862
1719511764991 6.463700989607907e-05 1863
1719511766075 6.427923406242846e-05 1864
1719511768282 6.455453073856577e-05 1865
1719511769416 6.413855815575182e-05 1866
1719511770517 6.384467414902624e-05 1867
1719511772764 6.41417199288174e-05 1868
1719511775079 6.449132376212285e-05 1869
1719511776173 6.400573758712284e-05 1870
1719511777254 6.371270917199103e-05 1871
1719511779562 6.400354132697663e-05 1872
1719511780657 6.364312705113953e-05 1873
1719511781749 6.340606899801285e-05 1874
1719511782838 6.321988351438977e-05 1875
1719511783933 6.30790122308095e-05 1876
1719511786223 6.326755939257148e-05 1877
1719511787322 6.303064229691272e-05 1878
1719511789557 6.327586940995225e-05 1879
1719511790693 6.30248329957017e-05 1880
1719511792947 6.327673205085873e-05 1881
1719511794051 6.301390631007892e-05 1882
1719511796332 6.327106201553807e-05 1883
1719511797420 6.299826807266165e-05 1884
1719511798523 6.284284147806604e-05 1885
1719511799682 6.273127307796349e-05 1886
1719511801944 6.290318772564719e-05 1887
1719511804198 6.316418107242219e-05 1888
1719511806505 6.345010027184974e-05 1889
1719511807594 6.298819108610782e-05 1890
1719511809853 6.32515724106983e-05 1891
1719511810945 6.29384582931053e-05 1892
1719511813207 6.320224365245776e-05 1893
1719511814306 6.288856880611737e-05 1894
1719511816594 6.315080108617881e-05 1895
1719511818871 6.345402064414624e-05 1896
1719511821089 6.376793050717269e-05 1897
1719511823381 6.409109809769921e-05 1898
1719511824458 6.343115933912245e-05 1899
1719511826706 6.372260864395685e-05 1900
1719511828996 6.40474173152817e-05 1901
1719511830103 6.34841639074087e-05 1902
1719511831201 6.310157970041955e-05 1903
1719511832321 6.278782370949145e-05 1904
1719511834588 6.302990164088997e-05 1905
1719511835681 6.265618915693414e-05 1906
1719511836781 6.239749722504307e-05 1907
1719511839167 6.266331047858618e-05 1908
1719511841400 6.298061687945564e-05 1909
1719511843689 6.33058145592033e-05 1910
1719511844777 6.275275782194548e-05 1911
1719511845924 6.244413440173148e-05 1912
1719511848167 6.271315639618669e-05 1913
1719511850445 6.303462444415905e-05 1914
1719511852668 6.336398142378939e-05 1915
1719511854979 6.369789056286683e-05 1916
1719511857230 6.403403207478736e-05 1917
1719511859525 6.437307811184492e-05 1918
1719511861755 6.471736355791547e-05 1919
1719511862938 6.37045771323264e-05 1920
1719511864447 6.317004269775734e-05 1921
1719511866038 6.272392188614108e-05 1922
1719511868592 6.298313776034238e-05 1923
1719511870939 6.333215105890801e-05 1924
1719511873213 6.36793610526026e-05 1925
1719511874329 6.298816480865846e-05 1926
1719511875468 6.253065071270154e-05 1927
1719511876600 6.215216478588535e-05 1928
1719511877698 6.183761362172324e-05 1929
1719511878798 6.157887603715774e-05 1930
1719511881114 6.178535220133918e-05 1931
1719511882219 6.145296028768775e-05 1932
1719511883322 6.123436718005392e-05 1933
1719511884417 6.106138997340253e-05 1934
1719511885560 6.092939282870088e-05 1935
1719511886701 6.083447641179047e-05 1936
1719511888967 6.0981055852220124e-05 1937
1719511891275 6.124012335671745e-05 1938
1719511893568 6.152849595551281e-05 1939
1719511895831 6.183803665919155e-05 1940
1719511898134 6.216625015073704e-05 1941
1719511900384 6.250382285435453e-05 1942
1719511902696 6.2840536251758e-05 1943
1719511904961 6.318135615474719e-05 1944
1719511906073 6.213650051989088e-05 1945
1719511907245 6.17214123686894e-05 1946
1719511909526 6.200018521762741e-05 1947
1719511911760 6.233314694355597e-05 1948
1719511912915 6.17844706714132e-05 1949
1719511914042 6.141063317432552e-05 1950
1719511916287 6.169622027931755e-05 1951
1719511917433 6.12748897186777e-05 1952
1719511919680 6.1587018084665e-05 1953
1719511921964 6.19199794708691e-05 1954
1719511923154 6.140276019198349e-05 1955
1719511925412 6.171233931355408e-05 1956
1719511927692 6.20428900263575e-05 1957
1719511930016 6.237625004537689e-05 1958
1719511931130 6.172154588768582e-05 1959
1719511933432 6.20286750665272e-05 1960
1719511935678 6.23645781316014e-05 1961
1719511937950 6.269753301360664e-05 1962
1719511939175 6.198327755346599e-05 1963
1719511940267 6.149435060717483e-05 1964
1719511942548 6.178571071193171e-05 1965
1719511943661 6.127609393666799e-05 1966
1719511944827 6.088373500533266e-05 1967
1719511945935 6.055514667613717e-05 1968
1719511947026 6.028116860759713e-05 1969
1719511949403 6.05241179987699e-05 1970
1719511951574 6.085576343881475e-05 1971
1719511953822 6.119846050376638e-05 1972
1719511954981 6.063566366976421e-05 1973
1719511956085 6.031245420069906e-05 1974
1719511958423 6.0601755384961245e-05 1975
1719511960784 6.0936328386545916e-05 1976
1719511963016 6.127385372417005e-05 1977
1719511965327 6.161159136528331e-05 1978
1719511967600 6.194567919395568e-05 1979
1719511968708 6.11514061533484e-05 1980
1719511969867 6.070421572992939e-05 1981
1719511972157 6.0994122296602443e-05 1982
1719511974458 6.13359748442243e-05 1983
1719511975564 6.076021565196985e-05 1984
1719511978129 6.10798391266276e-05 1985
1719511980653 6.141486529548616e-05 1986
1719511983171 6.174853501955727e-05 1987
1719511984393 6.105271120037466e-05 1988
1719511986901 6.136320172515267e-05 1989
1719511988230 6.0800168510708216e-05 1990
1719511989433 6.0356103563524106e-05 1991
1719511992102 6.066112957692121e-05 1992
1719511993396 6.018254328185994e-05 1993
1719511996111 6.0512459564779616e-05 1994
1719511998698 6.085985534815223e-05 1995
1719512000031 6.0293852976145994e-05 1996
1719512002545 6.0617297716478e-05 1997
1719512005047 6.095909178509665e-05 1998
1719512007524 6.129683658082869e-05 1999
1719512009981 6.163504909963656e-05 2000
